NC_000964.3_NC_000964.3
11438 11626
31906 35313
95916 96306
165708 166414
171314 171412
260307 260516
395346 397215
948324 951787
951862 952041
952205 952338
2152031 2286432
3173192 3173497
3173579 3173818
GCF_000005845.2_ASM584v2_genomic_NC_000913.3
223520 223624
225118 225271
228814 228950
258626 258683
271636 271706
279217 279877
290689 291350
375143 375270
382232 382539
729567 733198
734203 736301
780609 781389
1049883 1050494
1095500 1095681
1097016 1097347
1269960 1270439
1286965 1287242
1467964 1468268
1469241 1469295
1470391 1470461
1979221 1979270
2068995 2069299
2304400 2304512
2521252 2521472
2662493 2662583
2726117 2729810
2731304 2731430
2818058 2818196
2947385 2947494
2996414 2996719
3187068 3187373
3269882 3269994
3427262 3427415
3624198 3625422
3762168 3762263
3933407 3937771
3941497 3941661
3943155 3946894
4035220 4035384
4036878 4037031
4040575 4040745
4094627 4094718
4166354 4166512
4168006 4171910
4207898 4208000
4209494 4213111
4296323 4296433
4325897 4326032
4499153 4499457
4507513 4507584
Kocuria_rhizophila_ATCC_9341_NC_010617.1
1696 4023
4556 5843
6734 8453
9807 10997
12029 12176
13277 13960
14632 31292
32877 32957
34342 34795
38359 38732
39487 39612
39894 40035
40906 41651
42392 43842
44063 44131
44513 44682
44916 46896
47336 48292
48389 52597
53212 53434
53653 53783
54108 54227
55031 55649
56155 57239
58034 58913
61090 61253
63754 63853
65754 65937
66278 66387
69897 70013
70267 71995
72659 75591
76271 76605
78434 78512
80596 80691
80947 81545
82279 84396
84955 85097
85721 86377
87006 88102
88374 88474
88763 90489
91149 91686
92197 92535
93870 97184
107238 107493
108756 110265
111145 132492
134241 134300
135238 136832
137068 137204
137524 146111
146646 146852
147227 148532
149304 150852
151121 151225
151525 156892
157660 158131
158635 161854
162623 169519
169847 169931
170138 170213
171310 171480
172146 173120
173834 175887
176805 179751
180337 181682
182603 185577
186554 196650
197775 199451
200574 201381
203811 204269
204603 205964
206136 208791
209086 209250
209554 210818
211639 212394
213356 213481
213854 214051
215742 216240
216898 222089
223384 224910
225590 227604
228147 228341
228965 229870
231083 231279
231680 232332
233025 233301
233591 235474
236089 238483
239589 239673
240056 240348
240484 243266
244420 245331
245565 245668
246363 247506
248684 249099
249631 254707
255370 255947
259600 260100
265002 265408
265605 265769
268824 269252
269875 269933
293922 298662
299467 315909
316149 316298
317139 319196
322071 322226
323681 327227
327684 327773
327979 328574
329448 331554
334034 334094
335129 335283
335752 335964
337292 346073
346957 351867
355412 355703
357918 358464
359215 359803
360507 360938
361575 378110
378626 393045
393642 397317
397848 398143
398451 398587
399667 399859
400979 415466
416838 417240
417961 418326
418889 419848
420527 436059
436799 441672
442341 449957
451591 454219
454790 456711
456919 457069
457673 462015
462590 470394
471139 474306
474862 474948
475324 530967
531310 531471
532076 555490
557597 560149
580813 580926
585175 586532
587755 590379
591064 596107
596639 596940
598527 601957
602881 609445
610451 648265
648823 652246
652754 652850
653116 656718
657243 669962
670967 671959
673039 673219
673448 676332
678351 680362
685658 685715
686886 687164
687821 687913
688443 690666
692932 694824
695497 695674
696058 696544
697169 705149
706048 706845
708289 720605
721394 725203
725767 739703
740476 775071
776445 777334
778054 779039
819494 820664
823283 833554
834108 838875
839465 864248
864871 865403
867782 868584
870059 884862
885819 891433
891955 946816
947400 981953
982476 983469
984244 984958
985525 987738
988778 989508
1006756 1007444
1007947 1008929
1009595 1014610
1015734 1016232
1016928 1017257
1017941 1019053
1019644 1024990
1025221 1043887
1044470 1047060
1047591 1048936
1049610 1073217
1073993 1104387
1105926 1107602
1108134 1109129
1109532 1109789
1110879 1112502
1112764 1112857
1113133 1113207
1113582 1120464
1120586 1184490
1185021 1188301
1188999 1209612
1210162 1213035
1213384 1213514
1214296 1217334
1218308 1220520
1221061 1227810
1228404 1336154
1336533 1336763
1337074 1352966
1353064 1359979
1360487 1363280
1363408 1365867
1366764 1380468
1380715 1380786
1381067 1391110
1391664 1392786
1397213 1397289
1397818 1398922
1399485 1399603
1399813 1400809
1401325 1402281
1403140 1403902
1418196 1418313
1419745 1420367
1421555 1421640
1424277 1424753
1430508 1430639
1431011 1431148
1431425 1431530
1431806 1432921
1433955 1434114
1435893 1443107
1444005 1457809
1458372 1461893
1462221 1462294
1462597 1462696
1463309 1463954
1464543 1468483
1481798 1482029
1483237 1484144
1484670 1490219
1490813 1510777
1511941 1544449
1544579 1544665
1547018 1616442
1616995 1617292
1617543 1617671
1617945 1637142
1637564 1637649
1637908 1646134
1646390 1646637
1646956 1649574
1650173 1652341
1653230 1667130
1668135 1707405
1708539 1727202
1727840 1727940
1728433 1728579
1731163 1731232
1732967 1737715
1738444 1739105
1748245 1748592
1753320 1753694
1755942 1756084
1757913 1758549
1758713 1776927
1777213 1777305
1777571 1821088
1821799 1829604
1830155 1834794
1835415 1835543
1836364 1836474
1837364 1855823
1856107 1856165
1856408 1856895
1857449 1901894
1902119 1902308
1902748 1917888
1920143 1920907
1922052 1922563
1923931 1926484
1926793 1927054
1927314 1955679
1956268 2015708
2016722 2016917
2017627 2028367
2028937 2029523
2030681 2030956
2031942 2032297
2032961 2039793
2040403 2058919
2059194 2059385
2059638 2061423
2062058 2078035
2080663 2081110
2081989 2082432
2083539 2084044
2084630 2084807
2085398 2094860
2095446 2104047
2105134 2111153
2111635 2111871
2112696 2113387
2114233 2114337
2122898 2123197
2127925 2128371
2131147 2131328
2131805 2131930
2132243 2133695
2134827 2145837
2146416 2162888
2163680 2168111
2169004 2169443
2169975 2174468
2175182 2185263
2185560 2185646
2186012 2189219
2190022 2191462
2191690 2191786
2192804 2195945
2196593 2231918
2232198 2232330
2232803 2232916
2233351 2237812
2238585 2238802
2239140 2239283
2239596 2239727
2240013 2242014
2242574 2244902
2245147 2245254
2245584 2265834
2266454 2270758
2271918 2272421
2273112 2275750
2276342 2276411
2276619 2276694
2276995 2279816
2280398 2281673
2281973 2282271
2282550 2283095
2283734 2285239
2287264 2287641
2288449 2289405
2290168 2313475
2314119 2315951
2316462 2319500
2320076 2322902
2323485 2323926
2325324 2326134
2326800 2326885
2327197 2327338
2327624 2343155
2343692 2343922
2344507 2349240
2350033 2350545
2351349 2358336
2359210 2372006
2372983 2380080
2382051 2382182
2382737 2386617
2387982 2388069
2388270 2390249
2402135 2402482
2416813 2417124
2419291 2419617
2419910 2425779
2426309 2437882
2438710 2441396
2443397 2443830
2444440 2449149
2449487 2449648
2449896 2484001
2484278 2484344
2484643 2492265
2492619 2492700
2492917 2499364
2500223 2522247
2523063 2523295
2525408 2525607
2527111 2527446
2528168 2529602
2530336 2530574
2531237 2531561
2532139 2532502
2536389 2537398
2538171 2539163
2539756 2542338
2542850 2545840
2546975 2547524
2548807 2550610
2551106 2551267
2551817 2563808
2564009 2564208
2564576 2568657
2569395 2580127
2580674 2584198
2589106 2589189
2590646 2591561
2592255 2592432
2593179 2593409
2593783 2599017
2600450 2604113
2604378 2604561
2605108 2606878
2607243 2607357
2607994 2615517
2616222 2616713
2626553 2626740
2627395 2627491
2629678 2633170
2633827 2635394
2636274 2638472
2639141 2641394
2642348 2642523
2642757 2642894
2644285 2644437
2647376 2651152
2652536 2653373
2654173 2654425
2667840 2667957
2669031 2669374
2670897 2671025
2677648 2678249
2679911 2680009
2680232 2681764
2682854 2683507
2684144 2685685
2686370 2686468
2688131 2691100
2691611 2692287
GCF_000006765.1_ASM676v1_genomic_NC_002516.2
19763 19931
20642 20858
24461 24525
25036 26674
28372 34669
48270 48902
49741 49962
50806 51565
53083 53845
54840 56083
68712 69536
73427 73574
75186 75771
79227 79400
79842 80504
81776 82528
83010 96316
96856 98651
101886 102525
106079 106236
107087 109168
109844 113940
115260 115372
120259 120396
140289 142164
143067 143244
152620 152853
162577 162677
162898 163909
164424 166033
167511 167983
169030 169718
171020 172692
173014 173154
173785 173876
174367 178791
179432 180773
181114 181268
189495 195833
196356 196531
200141 200240
201418 201656
202160 203201
203815 205337
205946 206542
217286 218004
222380 222734
223973 224463
225430 225543
226151 226219
226953 229355
229990 244812
246243 246443
249170 252149
252825 254047
256015 256069
260002 260074
263569 264123
264638 264841
267606 268916
269821 271898
273149 273203
274140 274241
274493 277588
278963 279291
280259 280481
283588 283664
286236 286331
294647 295203
297566 297776
302021 302748
303933 304052
304529 307541
308285 309734
310665 310788
311025 311183
311365 313069
313703 313898
314121 314201
315752 315847
316734 316843
324470 324530
329022 329131
333184 333656
346539 346634
348965 349049
350234 350424
350789 351164
352240 352657
353643 353726
354269 354318
354959 355018
358099 358165
360014 360377
370487 371092
371852 373802
374266 374381
374741 375359
376436 378689
379649 381011
381935 391241
391898 394127
394664 394751
395747 395836
404023 404149
404835 406157
412725 412880
413613 413930
420431 420870
421942 422473
423006 423231
423741 424690
425199 428962
429538 429756
431364 431481
441432 441492
442382 442600
443173 446457
448900 449011
453987 455065
455450 455554
456014 456133
456642 463075
463790 466895
469642 469923
470681 471697
472777 473339
474085 474420
474774 474873
476273 479314
487564 489373
489536 490790
491897 492011
498693 499108
499747 499826
503730 503842
505575 505931
506921 507245
513289 513348
514712 515487
515761 516028
519716 520175
521332 521569
523527 523693
524921 524978
525281 525365
525629 525881
526608 528608
529690 531327
534593 535000
547274 547333
556267 558754
563001 563323
565581 573361
574000 574486
575440 575938
576610 577202
580979 581282
582124 582873
583473 585072
585623 585673
586038 586175
586401 586473
587913 587999
589034 589240
590634 597350
597828 597999
598823 600488
601148 602776
605133 605586
608075 608548
611057 611476
612693 612828
616915 617124
628415 630405
654091 655202
658103 658200
680158 681340
689220 703161
722154 722404
722902 723019
725773 726013
726552 726659
731541 731630
736038 736494
738096 738528
743011 743126
743386 743829
744420 744598
745715 749180
749846 750443
750759 751007
751287 755020
756457 756618
758138 758205
758793 760264
761592 762207
765906 766339
766780 766864
767182 769569
770290 770398
770746 774501
775033 775271
785339 789698
789919 794430
809978 812939
815321 815587
815762 815970
817337 823200
823789 825187
826276 826337
827761 827936
834106 834251
836330 836434
839296 840042
842603 842767
843409 843784
856861 861713
862607 862662
863384 863678
864997 868196
868546 868713
868923 869160
870074 871162
871879 872226
872953 873050
875213 875323
878440 878557
879505 880008
881164 881302
882585 883160
884887 886274
887023 888097
889439 889689
894810 895244
896140 901467
909330 909452
910864 911012
916237 918107
918857 918945
919925 920954
926859 927019
928726 928868
929194 929262
929509 929640
931468 931685
931921 932012
932880 932933
934087 934230
943475 944973
946727 947639
948519 949710
950263 950846
952581 952660
963748 964178
965540 965652
968401 968662
973969 974073
978906 979162
981369 982102
985679 985818
986431 987057
991466 991653
1065081 1065389
1065786 1069360
1110696 1110847
1111832 1113453
1114087 1115891
1117398 1120106
1134223 1134550
1136087 1136441
1137425 1139920
1141743 1142607
1145374 1146942
1147553 1154626
1154877 1155024
1155412 1155747
1156617 1156794
1174199 1187273
1187375 1189035
1189597 1194938
1196580 1199633
1200296 1200945
1201616 1203083
1204819 1205004
1205915 1207281
1207882 1208510
1208793 1208880
1209183 1210097
1211188 1211528
1212387 1212574
1221487 1222310
1223467 1225665
1226686 1226840
1227044 1227548
1229371 1229952
1230833 1231167
1233642 1234077
1242669 1242898
1243395 1244529
1277652 1278481
1279622 1280203
1281278 1281791
1284147 1284259
1285578 1286447
1287650 1291843
1292573 1292745
1293354 1293725
1293965 1294227
1294766 1295977
1296592 1297069
1297327 1297399
1297736 1298627
1300588 1300716
1300978 1301125
1302222 1317863
1318312 1320075
1320753 1321770
1323608 1323716
1324925 1325699
1327480 1327660
1328566 1329453
1331689 1332164
1332699 1333667
1334385 1348275
1350597 1352504
1352749 1352863
1355499 1357014
1357538 1376949
1378807 1380499
1381241 1381305
1381529 1382289
1382692 1382775
1382980 1397745
1398846 1399565
1400795 1400868
1406664 1406788
1410112 1410246
1414746 1414830
1416603 1417844
1420345 1420430
1422092 1422349
1434593 1435657
1436192 1446775
1448648 1448761
1459184 1459501
1460270 1460822
1461933 1462167
1467768 1467858
1469189 1469308
1481163 1489617
1495496 1495585
1520653 1522261
1523420 1523919
1524356 1524456
1524777 1532067
1533854 1543486
1543794 1543961
1544292 1544431
1549532 1549645
1551283 1551592
1552487 1554291
1554807 1554874
1557632 1557791
1560648 1560793
1561423 1561806
1562445 1564164
1565189 1569767
1569989 1570119
1571627 1571859
1572942 1574839
1576502 1576987
1577694 1578945
1579967 1580065
1580416 1580488
1580811 1583736
1584462 1585442
1586247 1587408
1588238 1588854
1589863 1591164
1591430 1591549
1591799 1594450
1595549 1595816
1595913 1598475
1598963 1601271
1602067 1605200
1605789 1615783
1616330 1617260
1617690 1617800
1618038 1618285
1619557 1623885
1624590 1625897
1641811 1642367
1644730 1644940
1671395 1671906
1672558 1672767
1692106 1692183
1694535 1695575
1702268 1702403
1703085 1703699
1704346 1704469
1705443 1707656
1711114 1711329
1727554 1727701
1729952 1730158
1732199 1732276
1732802 1742020
1742682 1745222
1746126 1746312
1747240 1747867
1748509 1750011
1751845 1752131
1753911 1754043
1754396 1754709
1758055 1758318
1760885 1761126
1762917 1763824
1764701 1770819
1771420 1772548
1773579 1774128
1775141 1776600
1777376 1779420
1780099 1796398
1798165 1798584
1799521 1799680
1809367 1810436
1811194 1811502
1812004 1812872
1813409 1814097
1814704 1817762
1818310 1818445
1819196 1826788
1827318 1828087
1829344 1831020
1832956 1835016
1835755 1836124
1837311 1842956
1843162 1844718
1845477 1850226
1853053 1853269
1854123 1854334
1855685 1855748
1856374 1856760
1860094 1860509
1863240 1864478
1864813 1864890
1865719 1866132
1867737 1867823
1868254 1868362
1869190 1870168
1873764 1876654
1878130 1878197
1878786 1879212
1879788 1879862
1880375 1880724
1881724 1881917
1882312 1882371
1883090 1883361
1885217 1885662
1886289 1886535
1908486 1908664
1909192 1910814
1918159 1918244
1923142 1923276
1923855 1924264
1925160 1925458
1926022 1929251
1930525 1930969
1938481 1938616
1939909 1939998
1945203 1945319
1949539 1949590
1959100 1959263
1983177 1984822
1985892 1986115
1999133 1999351
2000781 2000864
2002546 2002632
2003378 2004522
2006337 2006435
2007007 2007535
2008263 2008936
2009160 2009225
2009559 2010684
2011291 2011394
2013527 2014123
2014836 2015925
2016544 2016610
2017364 2017496
2019118 2019189
2020219 2020611
2025537 2025605
2027113 2027722
2028785 2031474
2032051 2032434
2033562 2036208
2036487 2036949
2037427 2050863
2051497 2051898
2052887 2054468
2055218 2059389
2060273 2060511
2061790 2061889
2064494 2064559
2075435 2075715
2076525 2082549
2082762 2082883
2083260 2085900
2086512 2087548
2101521 2103931
2104708 2108928
2109833 2111027
2111631 2112028
2112591 2113799
2114076 2114194
2114677 2115178
2116526 2118518
2119756 2122520
2132809 2132922
2133336 2133550
2135121 2135276
2136018 2137172
2138465 2138844
2144024 2144390
2148131 2148314
2149123 2149466
2150971 2151080
2154776 2156660
2157268 2157999
2158715 2160572
2161177 2161922
2162418 2164966
2165854 2166243
2166915 2167049
2168281 2168382
2169991 2185272
2185951 2188345
2188895 2190789
2191086 2191199
2191443 2192873
2193060 2193348
2194238 2196932
2197143 2197380
2198389 2198646
2199483 2199880
2201004 2203408
2203960 2204062
2207062 2211987
2212914 2213330
2213739 2213874
2214968 2215024
2216209 2216260
2217817 2218167
2220360 2220747
2224488 2224566
2226248 2229136
2230702 2231302
2231817 2232092
2233447 2235506
2235749 2235907
2236216 2238900
2239879 2240456
2241187 2242817
2243155 2243330
2244976 2246688
2247795 2249494
2250060 2250631
2250995 2251089
2251778 2251888
2253647 2269902
2272403 2272731
2273294 2274220
2274945 2275313
2275397 2281999
2282513 2282604
2283679 2284138
2284257 2286200
2287205 2288583
2290019 2290117
2290368 2290483
2293535 2294565
2295290 2297629
2297972 2298055
2298278 2325688
2326309 2326423
2327269 2327428
2329648 2329809
2330841 2331774
2332696 2333168
2334554 2338319
2339216 2339792
2341553 2341659
2342979 2343059
2345389 2350966
2351228 2351326
2351713 2357474
2358336 2360697
2361850 2361944
2363519 2364636
2365565 2366967
2368136 2390027
2391010 2391128
2392142 2393004
2393808 2394326
2394973 2395978
2397130 2397374
2398286 2399261
2399883 2401254
2405077 2405198
2409487 2409645
2411111 2411376
2412204 2413078
2413824 2413935
2414260 2415598
2416129 2416209
2416788 2417803
2418996 2422942
2423182 2423289
2424156 2424342
2434397 2434697
2436098 2437525
2438090 2451595
2457677 2458997
2459511 2459696
2460542 2460746
2461435 2461591
2462324 2462652
2463328 2465126
2466074 2471985
2473065 2474182
2475272 2475490
2476063 2476189
2477189 2477593
2480703 2481109
2481781 2481847
2482987 2483086
2483955 2484229
2484771 2486250
2488672 2488877
2489512 2491064
2492204 2493230
2493635 2493731
2494061 2503547
2504349 2510667
2510778 2524525
2524729 2537028
2537566 2546103
2546207 2547652
2547978 2548206
2549035 2549487
2552634 2552964
2555080 2556861
2558242 2558955
2559254 2559321
2559573 2560688
2560925 2560996
2561286 2568795
2568924 2571980
2572584 2574420
2577694 2577842
2581397 2581452
2582599 2582793
2584090 2604114
2605268 2606670
2607243 2608979
2609870 2610335
2616743 2616970
2618038 2620241
2620496 2620602
2620884 2621957
2622204 2622294
2622678 2624119
2624329 2624427
2625317 2625433
2626623 2627039
2627330 2627571
2628360 2628874
2629739 2633837
2635488 2635689
2638520 2641520
2647641 2648935
2653058 2684285
2684508 2684677
2686027 2686095
2686747 2686897
2687640 2688430
2688883 2690028
2690830 2696781
2698113 2698262
2698852 2699568
2705362 2705489
2706142 2706546
2707185 2719948
2720520 2720599
2722240 2722337
2722661 2723312
2725519 2725629
2726340 2727178
2727698 2735720
2736479 2741873
2742109 2742197
2742461 2743841
2760357 2760451
2760820 2761407
2766331 2767291
2774074 2776098
2777095 2780790
2781368 2782371
2783288 2783563
2787063 2787146
2789662 2789718
2790740 2794706
2795781 2801787
2803423 2803649
2805337 2805475
2806030 2806118
2806806 2808525
2809228 2815366
2815891 2824777
2827920 2828450
2829824 2838977
2839490 2841326
2842479 2843423
2844095 2845384
2845910 2848202
2849310 2851791
2855687 2856290
2857641 2867811
2868607 2871136
2871386 2871601
2872374 2872770
2873295 2875250
2876867 2877412
2879268 2880594
2881171 2885155
2885657 2889236
2890837 2891565
2894905 2894989
2927886 2928227
2930347 2930460
2930656 2930829
2931289 2931447
2932479 2932591
2936424 2936476
2940861 2940920
2988225 2988351
2993758 2995156
2997876 3001081
3001425 3001545
3002386 3003165
3004971 3005162
3024847 3024929
3027133 3027321
3029330 3029482
3030377 3031053
3031960 3032491
3034516 3035035
3036216 3037535
3040395 3040680
3041268 3041882
3042451 3042545
3045413 3045501
3053292 3053826
3055707 3055929
3056995 3058718
3058946 3059053
3059624 3059781
3064570 3064640
3065143 3065323
3066601 3067597
3068365 3069854
3070591 3071148
3072361 3072469
3073125 3073315
3074790 3075385
3076507 3076564
3087637 3087872
3088131 3099302
3148253 3148358
3159144 3159304
3171532 3174266
3186245 3187710
3188859 3189036
3189258 3191125
3191691 3192414
3192944 3193800
3194639 3194950
3204485 3204624
3209019 3209175
3211181 3211303
3215083 3216476
3216768 3216852
3217076 3217264
3220269 3221169
3221806 3227640
3228326 3229147
3230058 3231183
3232597 3234818
3236293 3265590
3266437 3267208
3267476 3267541
3267780 3272901
3273817 3274047
3275026 3275780
3276333 3276961
3277823 3278709
3279590 3283943
3284210 3284311
3284643 3284692
3287102 3287855
3288465 3289418
3290187 3293226
3294518 3295156
3297018 3297509
3298250 3304591
3305852 3310519
3312699 3312798
3318314 3318453
3332748 3333239
3334838 3334920
3337070 3337366
3339167 3339830
3340694 3340799
3341927 3342028
3342327 3346707
3347244 3347324
3347921 3348900
3351426 3351514
3351801 3352037
3353052 3353674
3369379 3369535
3371081 3371154
3372087 3372247
3378353 3379780
3380954 3386413
3387302 3388600
3389375 3392447
3395453 3395546
3405878 3406511
3410308 3411569
3418341 3420265
3420777 3422708
3423737 3428928
3429567 3433471
3434081 3436096
3436779 3437762
3438605 3439122
3441209 3441746
3443050 3443443
3443950 3456246
3457062 3458622
3462503 3463089
3463769 3463916
3465017 3466482
3467455 3467594
3467964 3468056
3469579 3470058
3475318 3475790
3480114 3480316
3480843 3481004
3482041 3483239
3484813 3484944
3485677 3487166
3487463 3487650
3487858 3488634
3489012 3489157
3490463 3490735
3497525 3498247
3501789 3502181
3507147 3507220
3526478 3547688
3564046 3565153
3565893 3565968
3566517 3568103
3568503 3568647
3568910 3569324
3569835 3574880
3575781 3576948
3577191 3577288
3577569 3577664
3577922 3580103
3581979 3582075
3586790 3587496
3588325 3588780
3590060 3590185
3594395 3594505
3597091 3598095
3599741 3600734
3601291 3603792
3604335 3604489
3605071 3605962
3606491 3609945
3610927 3611518
3613176 3613332
3613991 3614193
3616740 3616810
3617706 3619079
3620975 3621167
3628846 3629058
3634816 3634976
3641642 3641765
3645800 3645892
3646330 3646742
3647299 3648052
3648751 3648853
3649188 3649334
3649576 3649702
3650580 3650864
3651743 3651796
3657955 3658450
3660388 3660534
3660765 3662311
3662437 3668844
3670824 3671840
3672394 3672577
3683576 3684538
3701744 3701920
3702460 3703137
3703689 3704852
3707958 3708208
3709108 3709911
3712049 3712466
3713618 3713693
3714374 3715553
3716216 3718157
3718947 3720168
3721389 3722430
3724853 3725086
3726527 3726636
3726913 3728245
3730394 3730525
3732402 3733878
3734955 3751656
3752231 3755803
3756362 3757077
3758053 3758264
3759178 3759295
3759944 3760078
3760855 3761325
3762467 3762708
3763772 3765424
3766077 3767424
3771151 3771297
3778173 3778545
3789013 3789081
3793901 3795032
3796446 3796918
3797118 3797190
3797845 3797919
3798126 3806969
3807848 3813985
3814838 3815977
3816681 3816794
3818668 3819516
3820762 3821225
3822305 3826214
3826793 3831116
3831983 3832525
3834355 3834785
3836096 3836318
3836892 3836981
3838842 3839439
3841898 3841996
3843397 3843598
3847062 3848987
3849699 3850131
3852719 3852790
3853336 3853484
3858974 3859080
3859808 3859906
3864838 3865156
3870253 3870332
3870562 3870677
3871243 3871729
3873490 3875969
3876967 3885173
3885921 3886167
3886463 3886663
3887306 3887815
3899682 3907187
3907356 3907704
3908710 3908959
3910130 3910250
3910896 3911579
3911810 3911958
3912251 3912416
3912777 3912864
3913206 3913689
3914109 3930742
3931707 3933173
3934182 3935727
3939550 3939683
3941927 3942498
3979110 3979475
3980918 3981091
3982143 4003350
4004979 4005105
4008925 4009202
4015899 4016105
4017334 4021565
4022695 4024318
4025024 4026235
4026871 4027014
4029977 4030197
4030782 4031364
4031787 4032031
4037826 4038046
4040153 4040279
4055342 4056137
4057006 4057062
4057949 4058129
4060943 4061420
4063738 4064317
4066008 4069330
4069893 4071969
4072856 4072923
4073788 4074147
4074705 4074874
4075787 4078357
4078947 4079355
4080017 4080165
4084184 4084330
4104603 4105070
4106298 4106358
4107665 4109792
4110367 4111133
4113074 4113191
4114128 4114233
4114780 4118437
4119098 4123702
4124029 4124145
4124434 4126451
4126715 4127281
4127900 4128569
4129199 4130863
4131760 4132560
4133301 4134025
4134328 4134467
4134738 4137410
4138207 4138459
4139876 4140785
4141492 4141607
4145026 4147072
4147605 4147767
4148408 4148504
4151006 4151439
4159571 4159704
4161253 4161350
4161839 4162107
4162729 4163035
4163849 4163944
4165349 4167212
4168318 4168903
4169678 4169737
4208786 4210768
4211675 4213283
4213940 4214181
4214754 4219258
4225554 4225663
4234363 4234427
4236615 4236764
4238045 4238761
4240014 4242143
4242811 4243903
4245786 4246892
4250846 4250933
4262584 4262695
4309695 4309915
4310820 4312001
4313088 4313473
4313724 4313851
4319244 4319626
4326285 4326395
4326876 4335752
4337016 4338256
4340295 4341782
4343558 4343675
4347385 4347935
4349030 4349238
4349826 4350653
4351516 4351714
4351900 4353547
4354080 4354500
4356055 4356168
4356501 4356636
4356851 4357319
4357827 4358675
4359187 4359925
4360947 4361176
4363904 4363973
4367362 4367561
4368413 4368559
4369223 4370981
4371806 4376136
4376741 4380132
4380653 4387322
4389076 4390929
4391053 4391976
4392184 4392412
4392960 4393679
4393936 4394090
4394395 4394738
4395950 4396106
4409994 4415093
4416178 4416732
4421956 4422528
4429378 4429764
4430514 4430960
4437794 4437906
4438559 4438756
4439168 4439311
4439636 4442590
4443875 4447890
4448558 4453176
4453946 4454199
4461425 4461792
4463906 4465226
4466013 4466073
4466243 4468536
4469271 4473536
4474917 4479084
4479358 4479475
4481578 4481714
4482335 4483104
4483631 4483729
4483990 4485222
4487865 4488726
4490206 4490305
4491560 4491803
4492342 4494056
4494931 4495424
4496334 4496584
4497707 4498055
4500273 4500419
4509992 4510265
4520235 4521513
4522930 4523576
4524123 4524812
4525414 4534305
4535126 4535326
4536285 4537757
4538686 4538758
4540089 4540152
4540686 4540783
4542547 4547366
4548433 4549466
4551993 4552130
4553813 4554325
4554753 4555062
4555329 4555451
4555741 4558235
4560395 4561369
4564038 4564175
4564411 4564507
4580490 4582786
4583490 4584075
4584664 4586722
4587276 4592722
4593942 4599346
4599596 4599679
4600235 4601423
4601652 4601767
4602475 4602719
4603833 4604514
4605299 4605452
4606716 4608393
4609801 4610228
4612424 4613005
4614976 4615807
4617221 4618186
4619982 4620624
4623383 4624848
4627706 4627913
4631871 4633784
4634443 4634710
4635341 4647588
4648138 4649016
4649603 4649810
4650378 4650731
4651756 4651847
4656129 4656489
4657063 4657314
4658247 4658824
4659377 4659961
4660744 4661007
4661573 4661874
4666907 4666975
4667483 4667607
4668606 4669346
4670995 4671249
4672823 4672933
4674694 4675206
4675769 4675925
4676203 4676485
4678081 4678856
4679184 4679273
4680062 4680133
4680798 4682151
4683784 4684919
4686128 4690872
4691544 4691675
4694075 4694354
4696735 4696795
4697195 4697363
4698844 4698895
4700089 4701008
4701654 4701803
4702015 4703960
4704514 4705181
4705607 4705708
4705935 4709496
4710211 4718820
4719630 4744617
4745172 4745684
4746189 4746839
4767760 4767814
4789169 4789276
4789815 4790055
4792809 4792926
4793424 4793674
4796693 4800737
4801784 4801870
4802424 4803084
4803323 4803556
4804400 4808196
4809613 4809775
4810059 4811301
4812521 4812690
4812987 4813146
4813820 4814770
4816106 4820566
4822006 4824922
4825994 4827697
4832342 4833338
4836492 4837577
4838351 4838562
4839386 4839473
4848835 4849746
4850772 4854729
4855580 4855879
4856547 4868611
4871428 4873309
4874491 4874633
4875146 4875515
4877726 4877892
4878135 4878403
4878913 4879213
4882691 4887000
4895814 4896559
4899415 4899552
4900437 4900947
4904512 4904603
4909115 4909204
4909422 4909726
4925927 4926077
4927629 4927810
4928535 4929836
4930383 4930848
4931730 4932865
4933825 4934395
4935232 4935705
4941024 4941114
4941381 4941601
4942349 4943815
4944339 4944858
4947680 4948199
4948972 4949303
4960640 4960694
4969331 4969641
4970846 4971888
4980918 4981131
4998396 4998537
5003290 5003348
5006894 5008737
5009423 5012197
5012454 5012567
5012909 5013359
5014989 5016198
5016712 5016795
5017028 5017123
5017391 5019092
5020054 5022290
5022942 5023991
5038561 5038697
5042190 5042592
5044191 5044610
5045103 5045252
5047758 5048825
5050191 5050299
5050641 5050781
5051694 5051784
5053631 5055625
5069018 5072398
5086974 5087120
5100865 5101242
5126567 5126662
5127267 5127393
5133632 5133842
5137323 5137748
5143413 5143542
5150183 5150233
5152034 5152090
5156736 5157684
5158256 5159450
5159674 5159730
5160263 5163745
5164859 5165046
5166052 5166570
5168302 5169385
5169974 5170276
5171062 5171264
5175075 5176709
5177585 5177700
5187540 5187795
5188336 5189567
5201670 5201809
5202035 5202313
5222415 5222783
5227293 5228237
5228989 5229196
5229798 5230260
5231934 5232094
5264697 5264804
5265343 5265583
5268337 5268454
5268952 5269202
5281628 5282241
5283994 5284204
5316652 5317236
5335769 5335825
5340977 5341048
5357623 5357720
5359180 5359255
5359507 5359643
5360179 5360784
5361253 5361353
5361923 5362970
5363560 5363881
5364488 5366945
5367157 5367260
5368320 5368433
5368950 5369095
5369791 5370680
5370920 5371041
5372127 5373617
5374766 5375564
5375772 5375904
5377801 5380433
5381661 5382518
5383899 5393219
5393758 5399769
5400673 5402360
5402970 5410918
5411449 5415662
5415875 5415933
5416246 5416849
5417760 5418081
5420126 5420552
5422319 5423300
5423729 5423829
5424091 5424396
5425056 5426326
5427420 5428383
5431203 5431491
5442373 5442473
5444776 5444963
5452234 5452765
5455108 5456754
5457753 5458486
5460109 5464562
5466478 5467871
5468111 5468237
5468607 5470584
5471202 5471427
5471632 5471751
5473495 5473956
5474776 5475573
5476183 5477428
5477940 5480956
5481880 5483024
5483639 5484083
5487234 5487452
5488597 5489922
5492947 5493058
5493545 5495677
5497002 5498812
5499071 5499301
5499615 5499745
5501229 5501363
5501650 5501859
5502365 5503745
5504336 5510155
5510916 5511179
5514795 5516007
5518543 5518711
5519301 5526567
5527109 5528446
5529347 5529620
5533839 5533913
5547795 5548374
5554697 5554747
5558993 5559104
5562567 5563295
5565207 5565347
5569268 5569561
5570109 5570425
5570659 5570826
5571366 5575571
5575656 5577489
5578470 5578760
5579698 5580352
5581292 5583370
5584245 5584391
5584666 5586361
5587212 5587434
5587943 5595511
5596775 5597108
5597493 5597683
5598072 5598244
5600673 5600804
5601075 5602811
5605385 5605503
5606312 5607235
5607791 5608083
5609218 5610152
5612212 5612276
5619565 5619803
5620535 5620615
5621769 5622336
5623435 5623784
5624691 5624888
5625855 5626787
5628515 5628695
5631227 5631546
5655172 5655624
5656374 5656598
5657105 5658462
5661317 5661447
5662898 5665382
5666583 5666881
5667289 5667378
5668712 5669127
5691901 5692614
5695459 5695589
5696501 5697111
5703413 5703673
5705759 5706008
5706792 5707262
5708843 5708989
5710789 5710929
5711431 5711799
5712401 5713207
5713768 5714994
5725081 5726103
5726612 5727408
5729813 5730486
5731473 5731880
5733190 5734120
5734803 5735644
5736604 5737569
5738544 5739387
5740282 5741935
5743039 5743685
5743928 5744131
5745777 5746369
5747844 5749233
5749959 5750579
5751483 5753406
5754099 5754297
5754953 5755070
5756468 5757072
5760007 5760175
5762584 5762701
5784599 5784699
5831023 5831390
5832740 5835115
5836822 5841131
5852311 5853360
5857852 5858700
5860973 5861217
5861901 5862905
5864011 5864163
5866182 5867501
5868220 5870746
5871927 5872018
5873943 5874124
5877463 5878567
5879788 5879862
5881688 5881763
5885826 5886083
5893921 5894180
5897287 5897658
5907641 5908217
5911638 5911836
5915139 5915472
5916328 5916534
5918010 5918128
5925967 5930759
5932869 5933344
5948258 5948607
5949876 5949978
5955985 5956237
5962077 5962163
5968499 5968560
5969193 5969575
5981014 5981457
5988063 5988361
5989511 5989607
5990189 5990284
5992798 5993141
5994574 5995095
5996008 5996467
5997976 5998062
5998752 5998839
6000079 6000148
6004904 6005278
6007359 6007803
6008440 6010792
6011131 6011233
6012338 6013040
6014243 6015013
6016681 6016757
6017020 6017938
6019610 6020198
6021271 6022177
6040181 6040291
6040827 6041067
6043818 6043938
6044436 6045231
6061710 6064793
6065123 6065189
6065441 6065926
6066954 6067088
6067968 6070791
6073885 6074079
6076107 6076257
6076654 6076733
6077471 6078000
6078185 6079276
6079799 6079964
6080700 6080750
6081261 6081971
6085176 6085549
6087689 6087847
6090789 6090920
6095571 6095650
6096239 6096499
6097572 6097745
6098411 6098742
6100273 6100815
6101163 6101311
6101561 6102444
6102994 6107515
6108062 6113245
6113468 6113715
6114135 6114227
6115072 6115896
6117946 6119729
6120329 6122033
6123585 6123718
6123946 6124209
6124881 6125996
6127671 6129231
6135319 6137027
6151552 6151967
6152981 6153138
6157427 6158913
6160359 6160481
6168808 6169157
6170015 6170143
6174280 6174708
6175986 6176865
6199372 6200153
6201215 6201353
6201989 6202380
6202933 6203410
6203977 6205577
6209408 6209480
6210221 6210618
6224963 6225523
6228843 6228960
6229687 6229835
6232556 6232667
6235693 6236052
6241500 6241793
