NC_000964.3_NC_000964.3
9711 9810
11438 11626
31906 35313
95354 96391
166218 166499
171314 171497
260307 260516
946595 946696
948324 952151
1993850 1996494
2152031 2286432
3172927 3173818
3178640 3178739
4154841 4155157
GCF_000005845.2_ASM584v2_genomic_NC_000913.3
223520 223624
225118 228951
271636 271706
279217 279877
290689 291350
339811 339879
375143 375270
382232 382539
696430 696541
729791 733198
780898 781391
915099 915227
1049883 1050494
1097016 1097347
1287085 1287262
1467964 1468268
1469241 1469295
1470391 1470461
1570641 1571846
1650898 1651134
1708614 1708709
2068995 2069299
2304515 2304579
2521228 2521472
2729205 2729810
2731304 2731430
2817783 2818196
2947576 2947685
2996414 2996719
3187068 3187372
3423473 3427415
3621941 3622807
3764932 3765832
3933407 3937771
3941497 3941661
3943155 3946771
4035220 4035384
4036878 4037031
4037554 4040790
4094627 4094718
4166354 4166512
4168006 4171910
4207898 4208000
4209494 4213111
4296323 4296433
4325903 4326232
4392413 4392494
4499153 4499457
4507513 4507584
4542691 4542940
4614310 4614366
Kocuria_rhizophila_ATCC_9341_NC_010617.1
296721 298611
1628833 1629204
2122894 2128370
GCF_000006765.1_ASM676v1_genomic_NC_002516.2
53083 53845
54840 56083
68712 69536
230536 237162
264627 264841
286236 286331
296811 297510
370487 370705
501206 501301
515761 516028
521332 521569
556267 558754
628415 630405
654091 655202
680158 681340
689220 703161
785339 789698
789918 794430
896140 901467
991530 991666
1061496 1062333
1065081 1065389
1065786 1069382
1174199 1187273
1242669 1242898
1243395 1244529
1340742 1343378
1481163 1489617
1495496 1495585
1598963 1600080
1643975 1645023
2116526 2118519
2119390 2119458
2119756 2122520
2226248 2229136
2277497 2279378
2279536 2279852
2311108 2318222
2438985 2451595
2556701 2556862
2558242 2558729
2640137 2641520
2647641 2648320
2653058 2672265
2673485 2676606
2678117 2682631
2707185 2707665
2722711 2723312
2760820 2761407
2766331 2767291
2803423 2803518
2936424 2936476
3087637 3087872
3088131 3099302
3148253 3148358
3171532 3173532
3173653 3173780
3475539 3475729
3526478 3547688
3683576 3684538
3778173 3778545
3812756 3812842
3841898 3841996
3843397 3843598
3874532 3874645
3899935 3907187
3914109 3930742
4008733 4008950
4225554 4225663
4326870 4333205
4376754 4377011
4528534 4528760
4553809 4554321
4658247 4658361
4672823 4672933
5053631 5055625
5069018 5072398
5100865 5101242
5188249 5189208
5361340 5361399
5455012 5455223
5612212 5612276
5725081 5726103
5726612 5727408
5925967 5930759
6090789 6090920
6209408 6209480
6241500 6241771
