NC_000964.3_NC_000964.3
9711 9810
11438 11626
31906 35313
95329 96391
165683 165775
166330 166499
171289 171497
260307 260516
946595 946696
948324 952598
1993850 1996494
2152031 2286432
3172564 3173843
3178640 3178739
4154947 4155069
GCF_000005845.2_ASM584v2_genomic_NC_000913.3
223520 223624
225118 225738
227440 228327
228881 228950
271636 271706
339856 339986
377430 377529
382184 382539
696430 696541
729791 733198
734203 735199
737099 738641
780608 781809
915099 915192
1049883 1050491
1097175 1097604
1269960 1270439
1286708 1286885
1466491 1466800
1467964 1468316
1469241 1469295
1470391 1470461
1570725 1571846
1632615 1635510
2068995 2069347
2304628 2304957
2482136 2482241
2518036 2518150
2520986 2521273
2726616 2727503
2729205 2729810
2731304 2731430
2818252 2818495
2947468 2947687
2996414 2996767
3187020 3187372
3423314 3423662
3424215 3425102
3426804 3427415
3648147 3648377
3933407 3937771
3941497 3941661
3943155 3943683
3945385 3946272
3946825 3946894
4035220 4035384
4036878 4037498
4039199 4040088
4040642 4040790
4166354 4166512
4168006 4168620
4170322 4171209
4171762 4171910
4207898 4208000
4209494 4210022
4211724 4212611
4296323 4296433
4325997 4326247
4392415 4392606
4499105 4499457
4507513 4507584
4606134 4606348
4614255 4614355
Kocuria_rhizophila_ATCC_9341_NC_010617.1
296721 298611
865208 865262
1628778 1629197
2122895 2128370
GCF_000006765.1_ASM676v1_genomic_NC_002516.2
53083 53845
54840 56083
68712 69536
230536 237162
264628 264841
286236 286331
370487 370705
501206 501301
515761 516028
521332 521569
556267 558754
628415 630405
654091 655202
680158 681340
689220 703161
726714 727222
785339 789698
789919 794430
896140 901467
991499 991666
1061496 1062333
1065081 1065389
1065786 1069382
1174199 1187273
1242669 1242898
1243395 1244529
1340742 1343378
1481163 1489617
1495496 1495585
1598963 1600080
1695281 1695575
2015393 2015853
2039289 2039786
2116526 2118519
2119390 2119458
2119756 2122520
2226248 2229136
2277497 2279378
2279536 2279852
2311108 2318222
2438985 2451595
2556802 2556862
2558242 2558836
2640137 2641520
2647641 2648320
2653058 2672265
2673485 2676606
2678117 2682631
2707185 2707665
2722711 2723312
2742690 2742896
2760357 2761407
2766331 2767291
2776224 2776934
2803423 2803518
2936424 2936476
3087637 3087872
3088131 3099302
3148253 3148358
3171532 3173532
3173653 3173781
3475512 3475792
3526478 3547688
3683576 3684538
3778173 3778545
3812756 3812842
3841898 3841996
3843376 3843598
3873959 3874243
3899935 3907187
3914109 3930742
4008733 4008950
4225554 4225663
4326870 4333205
4376987 4377244
4502377 4503811
4528454 4528679
4553809 4554321
4588561 4588667
4658247 4658361
4672823 4672933
4767870 4768919
4832342 4833329
4836441 4837246
5053631 5055625
5069018 5072398
5100865 5101242
5187451 5189208
5264146 5264642
5361340 5361399
5455012 5455223
5541703 5541863
5612212 5612276
5725081 5726103
5726612 5727408
5925967 5930759
6039583 6040126
6090789 6090920
6209408 6209480
6241500 6241771
