Kocuria_rhizophila_ATCC_9341_NC_010617.1
1696 4023
4556 5843
6734 8453
9807 10997
12029 12176
13277 13960
14632 31292
32877 32957
34342 34795
38359 38732
39487 39612
39894 40035
40906 41651
42392 43842
44063 44131
44513 44682
44916 46896
47336 48292
48389 52597
53212 53434
53653 53783
54108 54227
55031 55649
56155 57239
58034 58913
61090 61253
63754 63853
65754 65937
66278 66387
69897 70013
70267 71995
72659 75591
76271 76605
78434 78512
80596 80691
80947 81545
82279 84396
84955 85097
85721 86377
87006 88102
88374 88474
88763 90489
91149 91686
92197 92535
93870 97184
107238 107493
108756 110265
111145 132492
134241 134300
135238 136832
137068 137204
137524 146111
146646 146852
147227 148532
149304 150852
151121 151225
151525 156892
157660 158131
158635 161854
162623 169519
169847 169931
170138 170213
171310 171480
172146 173120
173834 175887
176805 179751
180337 181682
182603 185577
186554 196650
197775 199451
200574 201381
203811 204269
204603 205964
206136 208791
209086 209250
209554 210818
211639 212394
213356 213481
213854 214051
215742 216240
216898 222089
223384 224910
225590 227604
228147 228341
228965 229870
231083 231279
231680 232332
233025 233301
233591 235474
236089 238483
239589 239673
240056 240348
240484 243266
244420 245331
245565 245668
246363 247506
248684 249099
249631 254707
255370 255947
259600 260100
265002 265408
265605 265769
268824 269252
269875 269933
293922 298662
299467 315909
316149 316298
317139 319196
322071 322226
323681 327227
327684 327773
327979 328574
329448 331554
334034 334094
335129 335283
335752 335964
337292 346073
346957 351867
355412 355703
357918 358464
359215 359803
360507 360938
361575 378110
378626 393045
393642 397317
397848 398143
398451 398587
399667 399859
400979 415466
416838 417240
417961 418326
418889 419848
420527 436059
436799 441672
442341 449957
451591 454219
454790 456711
456919 457069
457673 462015
462590 470394
471139 474306
474862 474948
475324 530967
531310 531471
532076 555490
557597 560149
580813 580926
585175 586532
587755 590379
591064 596107
596639 596940
598527 601957
602881 609445
610451 648265
648823 652246
652754 652850
653116 656718
657243 669962
670967 671959
673039 673219
673470 676332
678351 680362
685658 685715
686886 687164
687821 687913
688443 690666
692932 694824
695497 695674
696058 696544
697169 705149
706048 706845
708289 720605
721394 725203
725767 739703
740476 775071
776445 777334
778054 779039
819494 820664
823283 833554
834108 838875
839465 864248
864871 865403
867782 868584
870059 884862
885819 891433
891955 946816
947400 981953
982476 983469
984244 984958
985525 987738
988778 989508
1006756 1007444
1007947 1008929
1009595 1014610
1015734 1016232
1016928 1017257
1017941 1019053
1019644 1024990
1025221 1043887
1044470 1047060
1047591 1048936
1049610 1073217
1073993 1104387
1105926 1107602
1108134 1109129
1109532 1109789
1110879 1112502
1112764 1112857
1113133 1113207
1113582 1120464
1120586 1184490
1185021 1188301
1188999 1209612
1210162 1213035
1213384 1213514
1214296 1217334
1218308 1220520
1221061 1227810
1228404 1336154
1336533 1336763
1337074 1352966
1353064 1359979
1360487 1363280
1363408 1365867
1366764 1380468
1380715 1380786
1381067 1391110
1391664 1392786
1397213 1397289
1397818 1398922
1399485 1399603
1399813 1400809
1401325 1402281
1403140 1403902
1418196 1418313
1419745 1420367
1421555 1421640
1424277 1424753
1430508 1430639
1431011 1431148
1431425 1431530
1431806 1432921
1433955 1434114
1435893 1443107
1444005 1457809
1458372 1461893
1462221 1462294
1462597 1462696
1463309 1463954
1464543 1468483
1481798 1482029
1483237 1484144
1484670 1490219
1490813 1510777
1511941 1544449
1544579 1544665
1547018 1616442
1616995 1617292
1617543 1617671
1617945 1637142
1637564 1637649
1637908 1646134
1646390 1646637
1646956 1649574
1650173 1652341
1653230 1667130
1668135 1707405
1708539 1727202
1727840 1727940
1728433 1728579
1731163 1731232
1732967 1737715
1738444 1739105
1748245 1748592
1751252 1753694
1755942 1756084
1757913 1758549
1758713 1776927
1777213 1777305
1777571 1821088
1821799 1829604
1830155 1834794
1835415 1835543
1836364 1836474
1837364 1855823
1856107 1856165
1856408 1856895
1857449 1901894
1902119 1902308
1902748 1917888
1920143 1920907
1922052 1922563
1923931 1926484
1926793 1927054
1927314 1955679
1956268 2015708
2016722 2016917
2017627 2028367
2028937 2029523
2030681 2030956
2031942 2032297
2032961 2039793
2040403 2058919
2059194 2059385
2059638 2061423
2062058 2078035
2080663 2081110
2081989 2082432
2083539 2084044
2084630 2084807
2085398 2094860
2095446 2104047
2105134 2111153
2111635 2111871
2112696 2113387
2114233 2114337
2122898 2128371
2131147 2131328
2131805 2131930
2132243 2133695
2134827 2145837
2146416 2162888
2163680 2168111
2169004 2169443
2169975 2174468
2175182 2185263
2185560 2185646
2186012 2189219
2190022 2191462
2191690 2191786
2192804 2195945
2196593 2231918
2232198 2232330
2232803 2232916
2233351 2237812
2238585 2238802
2239140 2239283
2239596 2239727
2240013 2242014
2242574 2244902
2245147 2245254
2245584 2265834
2266454 2270758
2271918 2272421
2273112 2275750
2276342 2276411
2276619 2276694
2276995 2279816
2280398 2281673
2281973 2282271
2282550 2283095
2283734 2285239
2287264 2287641
2288449 2289405
2290168 2313475
2314119 2315951
2316462 2319500
2320076 2322902
2323485 2323926
2325324 2326134
2326800 2326885
2327197 2327338
2327624 2343155
2343692 2343922
2344507 2349240
2350033 2350545
2351349 2358336
2359210 2372006
2372983 2380080
2382051 2382182
2382737 2386617
2387982 2388069
2388270 2390249
2402135 2405086
2416813 2417124
2419291 2419594
2419910 2425779
2426309 2437882
2438710 2441396
2443397 2443830
2444440 2449149
2449487 2449648
2449896 2484001
2484278 2484344
2484643 2492265
2492619 2492700
2492917 2499364
2500223 2522247
2523063 2523295
2525408 2525607
2527111 2527446
2528168 2529602
2530336 2530574
2531237 2531561
2532139 2532502
2536389 2537398
2538171 2539163
2539756 2542338
2542850 2545840
2546975 2547524
2548807 2550610
2551106 2551267
2551817 2563808
2564009 2564208
2564576 2568657
2569395 2580127
2580674 2584198
2589106 2589189
2590646 2591561
2592255 2592432
2593179 2593388
2593783 2599017
2600450 2604113
2604378 2604561
2605108 2606878
2607243 2607357
2607994 2615517
2616222 2616713
2626553 2626740
2627395 2627491
2629678 2633170
2633827 2635394
2636274 2638472
2639141 2641394
2642348 2642523
2642757 2642894
2644285 2644437
2647376 2651152
2652536 2653373
2654173 2654425
2667840 2667957
2669031 2669374
2670897 2671025
2677648 2678249
2679911 2680009
2680232 2681764
2682854 2683507
2684144 2685685
2686370 2686468
2688131 2691100
2691611 2692287
