Kocuria_rhizophila_ATCC_9341_NC_010617.1
114061 114165
119721 119779
156480 156550
164001 164184
183613 183803
185002 185117
220771 220917
310889 311279
350794 350948
375420 375536
375781 376441
379445 379983
382085 382662
384971 385106
385415 385575
387399 387788
391379 391485
405537 406017
406761 407190
407754 408926
409791 410262
410703 410827
427311 428267
429842 430138
433831 434074
446514 446664
449155 449575
452914 453508
457491 458194
461110 461434
463031 463228
465098 465309
478963 479159
488297 488483
489138 489342
490252 490337
496219 496804
499441 499758
503294 504041
506791 506856
507636 507971
509835 510236
510930 511056
513151 513265
514256 514482
516665 516793
517259 517995
518853 519093
519607 519817
524062 524160
529640 529787
535508 536443
537145 537987
538375 538579
538844 539016
543944 544096
545049 545531
546941 547047
548234 548549
605924 606115
613014 613398
614868 615046
616801 618215
618442 618594
619164 619756
620896 621597
621817 621976
622940 623178
623758 624287
625188 625828
627863 627990
628582 628653
631989 632229
634312 635446
637531 638277
639505 639746
641902 642505
643191 643660
650574 650704
659675 659802
660962 661110
713330 713984
729851 729921
735040 735347
740018 740112
742060 742272
743479 743776
748033 748500
749751 750066
752820 752941
761760 761955
768932 769139
786548 789291
849312 849471
850515 850650
852738 855278
857187 857626
858247 858575
859606 860553
861450 861596
863155 863517
865222 865312
872395 872878
873885 874100
874909 875026
877956 878110
878360 878456
879297 880439
881815 882253
887428 887535
892367 893119
894052 894696
895471 895815
896645 897322
898309 899463
899762 899973
900178 900469
902090 902176
903276 903454
903723 904454
906094 906146
907057 907120
908329 908449
909463 910784
911719 911809
912506 912658
912970 913352
915358 918293
919838 919942
920222 922285
923151 923595
924827 924999
926811 926954
927225 928245
928882 928973
930118 930981
932374 935263
936507 936708
937269 938014
940200 941467
943291 943989
945218 945319
947614 947774
949607 949727
949947 950446
953192 954074
955223 956750
959605 961824
962780 963695
964626 965975
966734 967683
968702 968754
969796 970467
973583 973709
1035973 1036026
1055653 1055808
1056676 1056756
1057781 1057987
1058585 1059253
1065151 1065331
1066950 1067004
1067752 1068226
1069567 1069669
1069925 1070139
1070874 1071599
1072513 1072813
1075006 1075148
1078092 1078483
1079008 1080255
1094177 1094810
1100856 1100963
1101197 1101273
1105096 1105170
1115114 1115186
1116722 1116994
1119134 1119741
1120918 1121999
1122519 1123688
1125695 1126548
1128273 1129435
1131580 1131849
1133754 1134658
1134913 1135008
1136586 1143087
1143921 1148206
1149667 1151377
1152085 1153368
1154036 1154351
1154638 1154692
1155399 1155753
1156102 1156192
1156563 1157616
1159412 1159999
1169212 1169329
1171170 1171338
1174428 1174489
1175502 1175690
1176245 1176387
1177486 1178095
1179101 1179275
1180175 1180465
1182460 1183132
1190278 1190351
1192468 1192738
1193846 1194098
1198755 1200045
1201151 1201896
1204497 1204621
1205543 1205705
1208158 1209036
1209693 1209866
1210160 1210283
1210526 1210724
1210991 1211100
1218338 1218432
1219460 1219633
1221186 1221285
1223466 1223543
1231003 1231199
1233944 1234074
1235273 1235512
1236232 1236320
1236933 1238559
1240355 1241316
1242437 1243717
1244228 1244340
1245958 1246101
1246394 1246493
1246891 1247230
1248436 1249091
1249853 1250376
1251767 1252438
1253655 1253881
1254508 1254663
1255726 1258113
1258627 1259194
1259746 1259908
1261324 1261549
1265208 1266624
1269164 1269855
1270538 1270653
1274814 1275623
1276735 1279641
1281880 1282160
1282840 1284269
1284712 1284808
1285447 1285579
1285878 1287589
1288457 1288666
1289171 1289257
1290847 1293663
1294452 1294678
1295071 1295161
1296227 1296518
1297651 1297838
1298869 1299046
1302778 1302880
1303656 1304330
1306342 1307888
1308401 1310010
1312803 1313814
1321261 1321317
1325101 1325160
1329836 1329920
1336658 1336902
1337702 1337756
1338882 1338941
1339371 1339584
1340962 1341108
1349508 1350367
1351795 1353221
1353470 1353638
1354634 1355210
1367932 1368688
1371249 1371326
1398594 1398676
1440176 1440252
1486532 1486653
1487763 1487864
1489466 1489522
1489709 1489767
1492173 1492590
1496850 1497314
1497965 1498896
1499841 1499997
1500541 1503145
1504325 1505967
1509007 1509109
1510591 1510797
1513217 1513350
1515183 1515265
1516353 1516545
1517221 1517515
1518334 1518802
1520746 1521100
1522719 1523234
1524129 1524266
1524936 1525142
1531680 1531864
1532272 1532391
1534481 1534597
1541577 1541849
1550221 1551021
1551805 1552968
1555439 1556190
1556935 1557099
1563027 1563129
1564818 1564947
1568982 1569720
1571799 1571888
1574668 1575584
1578854 1579086
1579826 1580686
1581427 1581534
1581973 1582449
1584522 1585725
1586849 1587631
1588805 1590429
1591933 1593481
1593948 1594106
1594394 1594637
1595253 1595654
1596408 1598633
1599940 1600041
1600472 1600965
1602858 1604457
1605368 1606129
1607664 1609557
1610765 1611977
1612632 1612937
1613314 1613675
1613934 1614178
1614954 1615617
1616265 1618564
1619270 1620830
1621974 1622240
1622930 1623160
1625450 1625584
1627303 1629218
1630169 1631129
1632049 1632335
1635043 1635465
1637867 1638013
1639173 1639345
1641214 1641976
1642846 1643055
1645976 1646099
1650484 1650638
1652980 1653036
1654844 1654972
1656119 1656292
1657183 1657365
1658856 1659500
1659930 1660036
1661823 1662827
1666699 1666784
1670553 1670749
1672087 1672588
1674400 1674519
1675835 1676338
1678137 1678371
1679385 1679678
1679920 1680141
1681267 1681377
1685003 1685098
1686654 1686775
1689471 1689587
1690825 1690931
1691302 1691806
1692347 1692515
1693126 1694167
1695737 1695822
1697444 1697585
1699479 1700137
1700498 1700631
1703918 1704259
1705352 1705627
1758884 1758933
1766563 1766651
1768783 1769218
1772879 1772969
1774348 1774617
1775892 1775961
1780224 1780846
1784522 1784625
1788332 1789211
1790882 1791089
1791752 1791920
1793726 1793803
1794277 1794521
1794809 1795810
1796746 1796918
1797142 1797468
1798433 1799594
1801329 1801520
1802077 1802190
1804156 1805180
1806017 1806788
1807763 1807917
1809741 1809900
1810524 1810828
1811040 1811225
1812878 1812936
1814355 1814635
1816321 1816940
1818603 1818788
1819627 1819885
1823043 1824942
1825752 1825914
1826707 1826810
1829034 1829180
1831470 1831623
1832569 1832662
1840462 1841029
1862139 1862583
1865520 1865614
1868265 1868495
1869101 1869378
1871324 1871428
1873238 1873292
1877419 1877594
1879679 1879870
1880375 1881395
1884790 1885309
1887534 1887671
1888328 1888464
1888977 1891922
1896417 1898789
1903798 1904603
1906526 1906631
1926318 1926466
1938463 1938668
1950495 1951399
1955507 1955645
1956230 1956330
1957165 1957736
1958679 1958965
1959569 1959700
1961654 1961844
1962826 1963144
1964091 1964167
1965431 1965520
1968333 1969213
1970002 1970353
1971312 1973085
1974220 1974390
1974827 1975063
1975275 1975973
1976919 1980808
1982462 1982573
1985904 1985964
1986513 1986664
1989641 1989721
1990686 1991077
1991859 1992007
1992275 1992379
1996313 1997999
1998841 2001132
2001971 2002086
2003071 2003754
2005411 2009259
2010001 2010125
2010627 2010831
2011723 2011842
2013013 2013076
2034357 2034434
2047067 2047484
2053562 2053624
2055147 2055196
2056604 2056856
2072185 2072490
2092693 2092779
2122891 2128370
2161289 2161439
2164340 2164434
2178703 2179168
2187769 2187926
2189296 2189470
2191277 2191421
2198738 2199348
2200520 2200793
2204811 2204981
2208176 2211533
2215169 2216289
2218870 2219020
2219344 2220159
2220622 2220743
2221425 2222015
2242597 2242741
2245920 2246635
2249852 2250714
2254292 2254449
2255495 2255619
2256374 2257256
2258040 2258467
2259190 2259778
2262141 2262255
2265957 2266089
2291131 2291516
2295383 2295788
2301663 2301732
2302444 2302548
2303216 2303339
2304957 2305060
2306916 2307212
2332913 2333339
2335314 2335396
2337434 2338154
2338720 2338893
2340527 2341117
2402135 2407584
2423837 2424001
2432940 2433583
2447224 2447327
2457764 2457860
2460578 2460627
2462085 2462636
2463913 2463974
2466194 2466326
2468020 2468185
2472384 2472473
2472690 2472976
2475443 2475718
2484008 2484090
2485212 2485380
2485637 2485932
2486142 2486234
2487505 2488037
2498275 2498783
2505703 2505985
2508456 2508517
2521256 2521318
2529117 2529232
2553357 2553782
2570078 2570219
2596814 2596877
2597450 2597570
2598451 2598563
