GCF_000005845.2_ASM584v2_genomic_NC_000913.3	0	20000	0
GCF_000005845.2_ASM584v2_genomic_NC_000913.3	20000	21000	1
GCF_000005845.2_ASM584v2_genomic_NC_000913.3	21000	225000	0
GCF_000005845.2_ASM584v2_genomic_NC_000913.3	225000	226000	7
GCF_000005845.2_ASM584v2_genomic_NC_000913.3	226000	228000	0
GCF_000005845.2_ASM584v2_genomic_NC_000913.3	228000	229000	4
GCF_000005845.2_ASM584v2_genomic_NC_000913.3	229000	525000	0
GCF_000005845.2_ASM584v2_genomic_NC_000913.3	525000	526000	2
GCF_000005845.2_ASM584v2_genomic_NC_000913.3	526000	527000	1
GCF_000005845.2_ASM584v2_genomic_NC_000913.3	527000	575000	0
GCF_000005845.2_ASM584v2_genomic_NC_000913.3	575000	576000	6
GCF_000005845.2_ASM584v2_genomic_NC_000913.3	576000	733000	0
GCF_000005845.2_ASM584v2_genomic_NC_000913.3	733000	734000	60
GCF_000005845.2_ASM584v2_genomic_NC_000913.3	734000	781000	0
GCF_000005845.2_ASM584v2_genomic_NC_000913.3	781000	782000	1
GCF_000005845.2_ASM584v2_genomic_NC_000913.3	782000	1050000	0
GCF_000005845.2_ASM584v2_genomic_NC_000913.3	1050000	1051000	1
GCF_000005845.2_ASM584v2_genomic_NC_000913.3	1051000	1209000	0
GCF_000005845.2_ASM584v2_genomic_NC_000913.3	1209000	1210000	21
GCF_000005845.2_ASM584v2_genomic_NC_000913.3	1210000	1300000	0
GCF_000005845.2_ASM584v2_genomic_NC_000913.3	1300000	1301000	1
GCF_000005845.2_ASM584v2_genomic_NC_000913.3	1301000	1397000	0
GCF_000005845.2_ASM584v2_genomic_NC_000913.3	1397000	1398000	12
GCF_000005845.2_ASM584v2_genomic_NC_000913.3	1398000	1432000	0
GCF_000005845.2_ASM584v2_genomic_NC_000913.3	1432000	1433000	2
GCF_000005845.2_ASM584v2_genomic_NC_000913.3	1433000	1434000	0
GCF_000005845.2_ASM584v2_genomic_NC_000913.3	1434000	1435000	25
GCF_000005845.2_ASM584v2_genomic_NC_000913.3	1435000	1531000	0
GCF_000005845.2_ASM584v2_genomic_NC_000913.3	1531000	1532000	8
GCF_000005845.2_ASM584v2_genomic_NC_000913.3	1532000	1634000	0
GCF_000005845.2_ASM584v2_genomic_NC_000913.3	1634000	1635000	11
GCF_000005845.2_ASM584v2_genomic_NC_000913.3	1635000	1636000	12
GCF_000005845.2_ASM584v2_genomic_NC_000913.3	1636000	1651000	0
GCF_000005845.2_ASM584v2_genomic_NC_000913.3	1651000	1652000	1
GCF_000005845.2_ASM584v2_genomic_NC_000913.3	1652000	1979000	0
GCF_000005845.2_ASM584v2_genomic_NC_000913.3	1979000	1980000	1
GCF_000005845.2_ASM584v2_genomic_NC_000913.3	1980000	2171000	0
GCF_000005845.2_ASM584v2_genomic_NC_000913.3	2171000	2172000	1
GCF_000005845.2_ASM584v2_genomic_NC_000913.3	2172000	2304000	0
GCF_000005845.2_ASM584v2_genomic_NC_000913.3	2304000	2305000	4
GCF_000005845.2_ASM584v2_genomic_NC_000913.3	2305000	2515000	0
GCF_000005845.2_ASM584v2_genomic_NC_000913.3	2515000	2516000	4
GCF_000005845.2_ASM584v2_genomic_NC_000913.3	2516000	2731000	0
GCF_000005845.2_ASM584v2_genomic_NC_000913.3	2731000	2732000	2
GCF_000005845.2_ASM584v2_genomic_NC_000913.3	2732000	2818000	0
GCF_000005845.2_ASM584v2_genomic_NC_000913.3	2818000	2819000	17
GCF_000005845.2_ASM584v2_genomic_NC_000913.3	2819000	3471000	0
GCF_000005845.2_ASM584v2_genomic_NC_000913.3	3471000	3472000	1
GCF_000005845.2_ASM584v2_genomic_NC_000913.3	3472000	3622000	0
GCF_000005845.2_ASM584v2_genomic_NC_000913.3	3622000	3623000	18
GCF_000005845.2_ASM584v2_genomic_NC_000913.3	3623000	3765000	0
GCF_000005845.2_ASM584v2_genomic_NC_000913.3	3765000	3766000	8
GCF_000005845.2_ASM584v2_genomic_NC_000913.3	3766000	3946000	0
GCF_000005845.2_ASM584v2_genomic_NC_000913.3	3946000	3947000	1
GCF_000005845.2_ASM584v2_genomic_NC_000913.3	3947000	4040000	0
GCF_000005845.2_ASM584v2_genomic_NC_000913.3	4040000	4041000	3
GCF_000005845.2_ASM584v2_genomic_NC_000913.3	4041000	4213000	0
GCF_000005845.2_ASM584v2_genomic_NC_000913.3	4213000	4214000	10
GCF_000005845.2_ASM584v2_genomic_NC_000913.3	4214000	4296000	0
GCF_000005845.2_ASM584v2_genomic_NC_000913.3	4296000	4297000	2
GCF_000005845.2_ASM584v2_genomic_NC_000913.3	4297000	4392000	0
GCF_000005845.2_ASM584v2_genomic_NC_000913.3	4392000	4393000	2
GCF_000005845.2_ASM584v2_genomic_NC_000913.3	4393000	4642000	0
