GCF_000005845.2_ASM584v2_genomic_NC_000913.3	0	20000	0
GCF_000005845.2_ASM584v2_genomic_NC_000913.3	20000	21000	1
GCF_000005845.2_ASM584v2_genomic_NC_000913.3	21000	228000	0
GCF_000005845.2_ASM584v2_genomic_NC_000913.3	228000	229000	5
GCF_000005845.2_ASM584v2_genomic_NC_000913.3	229000	262000	0
GCF_000005845.2_ASM584v2_genomic_NC_000913.3	262000	263000	2
GCF_000005845.2_ASM584v2_genomic_NC_000913.3	263000	526000	0
GCF_000005845.2_ASM584v2_genomic_NC_000913.3	526000	527000	1
GCF_000005845.2_ASM584v2_genomic_NC_000913.3	527000	575000	0
GCF_000005845.2_ASM584v2_genomic_NC_000913.3	575000	576000	29
GCF_000005845.2_ASM584v2_genomic_NC_000913.3	576000	736000	0
GCF_000005845.2_ASM584v2_genomic_NC_000913.3	736000	737000	92
GCF_000005845.2_ASM584v2_genomic_NC_000913.3	737000	781000	0
GCF_000005845.2_ASM584v2_genomic_NC_000913.3	781000	782000	1
GCF_000005845.2_ASM584v2_genomic_NC_000913.3	782000	1050000	0
GCF_000005845.2_ASM584v2_genomic_NC_000913.3	1050000	1051000	1
GCF_000005845.2_ASM584v2_genomic_NC_000913.3	1051000	1209000	0
GCF_000005845.2_ASM584v2_genomic_NC_000913.3	1209000	1210000	2
GCF_000005845.2_ASM584v2_genomic_NC_000913.3	1210000	1269000	0
GCF_000005845.2_ASM584v2_genomic_NC_000913.3	1269000	1270000	3
GCF_000005845.2_ASM584v2_genomic_NC_000913.3	1270000	1300000	0
GCF_000005845.2_ASM584v2_genomic_NC_000913.3	1300000	1301000	1
GCF_000005845.2_ASM584v2_genomic_NC_000913.3	1301000	1397000	0
GCF_000005845.2_ASM584v2_genomic_NC_000913.3	1397000	1398000	3
GCF_000005845.2_ASM584v2_genomic_NC_000913.3	1398000	1432000	0
GCF_000005845.2_ASM584v2_genomic_NC_000913.3	1432000	1433000	3
GCF_000005845.2_ASM584v2_genomic_NC_000913.3	1433000	1443000	0
GCF_000005845.2_ASM584v2_genomic_NC_000913.3	1443000	1444000	8
GCF_000005845.2_ASM584v2_genomic_NC_000913.3	1444000	1528000	0
GCF_000005845.2_ASM584v2_genomic_NC_000913.3	1528000	1529000	1
GCF_000005845.2_ASM584v2_genomic_NC_000913.3	1529000	1530000	3
GCF_000005845.2_ASM584v2_genomic_NC_000913.3	1530000	1651000	0
GCF_000005845.2_ASM584v2_genomic_NC_000913.3	1651000	1652000	1
GCF_000005845.2_ASM584v2_genomic_NC_000913.3	1652000	1994000	0
GCF_000005845.2_ASM584v2_genomic_NC_000913.3	1994000	1995000	1
GCF_000005845.2_ASM584v2_genomic_NC_000913.3	1995000	2197000	0
GCF_000005845.2_ASM584v2_genomic_NC_000913.3	2197000	2198000	1
GCF_000005845.2_ASM584v2_genomic_NC_000913.3	2198000	2304000	0
GCF_000005845.2_ASM584v2_genomic_NC_000913.3	2304000	2305000	8
GCF_000005845.2_ASM584v2_genomic_NC_000913.3	2305000	2515000	0
GCF_000005845.2_ASM584v2_genomic_NC_000913.3	2515000	2516000	3
GCF_000005845.2_ASM584v2_genomic_NC_000913.3	2516000	2818000	0
GCF_000005845.2_ASM584v2_genomic_NC_000913.3	2818000	2819000	16
GCF_000005845.2_ASM584v2_genomic_NC_000913.3	2819000	2862000	0
GCF_000005845.2_ASM584v2_genomic_NC_000913.3	2862000	2863000	1
GCF_000005845.2_ASM584v2_genomic_NC_000913.3	2863000	2947000	0
GCF_000005845.2_ASM584v2_genomic_NC_000913.3	2947000	2948000	1
GCF_000005845.2_ASM584v2_genomic_NC_000913.3	2948000	3269000	0
GCF_000005845.2_ASM584v2_genomic_NC_000913.3	3269000	3270000	1
GCF_000005845.2_ASM584v2_genomic_NC_000913.3	3270000	3271000	2
GCF_000005845.2_ASM584v2_genomic_NC_000913.3	3271000	3366000	0
GCF_000005845.2_ASM584v2_genomic_NC_000913.3	3366000	3367000	5
GCF_000005845.2_ASM584v2_genomic_NC_000913.3	3367000	3471000	0
GCF_000005845.2_ASM584v2_genomic_NC_000913.3	3471000	3472000	1
GCF_000005845.2_ASM584v2_genomic_NC_000913.3	3472000	3619000	0
GCF_000005845.2_ASM584v2_genomic_NC_000913.3	3619000	3620000	6
GCF_000005845.2_ASM584v2_genomic_NC_000913.3	3620000	3622000	0
GCF_000005845.2_ASM584v2_genomic_NC_000913.3	3622000	3623000	7
GCF_000005845.2_ASM584v2_genomic_NC_000913.3	3623000	3765000	0
GCF_000005845.2_ASM584v2_genomic_NC_000913.3	3765000	3766000	7
GCF_000005845.2_ASM584v2_genomic_NC_000913.3	3766000	3946000	0
GCF_000005845.2_ASM584v2_genomic_NC_000913.3	3946000	3947000	1
GCF_000005845.2_ASM584v2_genomic_NC_000913.3	3947000	4037000	0
GCF_000005845.2_ASM584v2_genomic_NC_000913.3	4037000	4038000	5
GCF_000005845.2_ASM584v2_genomic_NC_000913.3	4038000	4040000	0
GCF_000005845.2_ASM584v2_genomic_NC_000913.3	4040000	4041000	7
GCF_000005845.2_ASM584v2_genomic_NC_000913.3	4041000	4241000	0
GCF_000005845.2_ASM584v2_genomic_NC_000913.3	4241000	4242000	10
GCF_000005845.2_ASM584v2_genomic_NC_000913.3	4242000	4326000	0
GCF_000005845.2_ASM584v2_genomic_NC_000913.3	4326000	4327000	2
GCF_000005845.2_ASM584v2_genomic_NC_000913.3	4327000	4642000	0
