GCF_000005845.2_ASM584v2_genomic_NC_000913.3	0	68000	0
GCF_000005845.2_ASM584v2_genomic_NC_000913.3	68000	69000	1
GCF_000005845.2_ASM584v2_genomic_NC_000913.3	69000	225000	0
GCF_000005845.2_ASM584v2_genomic_NC_000913.3	225000	226000	7
GCF_000005845.2_ASM584v2_genomic_NC_000913.3	226000	228000	0
GCF_000005845.2_ASM584v2_genomic_NC_000913.3	228000	229000	4
GCF_000005845.2_ASM584v2_genomic_NC_000913.3	229000	258000	0
GCF_000005845.2_ASM584v2_genomic_NC_000913.3	258000	259000	6
GCF_000005845.2_ASM584v2_genomic_NC_000913.3	259000	526000	0
GCF_000005845.2_ASM584v2_genomic_NC_000913.3	526000	527000	1
GCF_000005845.2_ASM584v2_genomic_NC_000913.3	527000	575000	0
GCF_000005845.2_ASM584v2_genomic_NC_000913.3	575000	576000	29
GCF_000005845.2_ASM584v2_genomic_NC_000913.3	576000	733000	0
GCF_000005845.2_ASM584v2_genomic_NC_000913.3	733000	734000	55
GCF_000005845.2_ASM584v2_genomic_NC_000913.3	734000	781000	0
GCF_000005845.2_ASM584v2_genomic_NC_000913.3	781000	782000	10
GCF_000005845.2_ASM584v2_genomic_NC_000913.3	782000	1209000	0
GCF_000005845.2_ASM584v2_genomic_NC_000913.3	1209000	1210000	16
GCF_000005845.2_ASM584v2_genomic_NC_000913.3	1210000	1286000	0
GCF_000005845.2_ASM584v2_genomic_NC_000913.3	1286000	1287000	9
GCF_000005845.2_ASM584v2_genomic_NC_000913.3	1287000	1300000	0
GCF_000005845.2_ASM584v2_genomic_NC_000913.3	1300000	1301000	1
GCF_000005845.2_ASM584v2_genomic_NC_000913.3	1301000	1397000	0
GCF_000005845.2_ASM584v2_genomic_NC_000913.3	1397000	1398000	42
GCF_000005845.2_ASM584v2_genomic_NC_000913.3	1398000	1531000	0
GCF_000005845.2_ASM584v2_genomic_NC_000913.3	1531000	1532000	11
GCF_000005845.2_ASM584v2_genomic_NC_000913.3	1532000	1651000	0
GCF_000005845.2_ASM584v2_genomic_NC_000913.3	1651000	1652000	1
GCF_000005845.2_ASM584v2_genomic_NC_000913.3	1652000	1979000	0
GCF_000005845.2_ASM584v2_genomic_NC_000913.3	1979000	1980000	1
GCF_000005845.2_ASM584v2_genomic_NC_000913.3	1980000	2304000	0
GCF_000005845.2_ASM584v2_genomic_NC_000913.3	2304000	2305000	4
GCF_000005845.2_ASM584v2_genomic_NC_000913.3	2305000	2521000	0
GCF_000005845.2_ASM584v2_genomic_NC_000913.3	2521000	2522000	1
GCF_000005845.2_ASM584v2_genomic_NC_000913.3	2522000	2770000	0
GCF_000005845.2_ASM584v2_genomic_NC_000913.3	2770000	2771000	2
GCF_000005845.2_ASM584v2_genomic_NC_000913.3	2771000	2845000	0
GCF_000005845.2_ASM584v2_genomic_NC_000913.3	2845000	2846000	1
GCF_000005845.2_ASM584v2_genomic_NC_000913.3	2846000	3471000	0
GCF_000005845.2_ASM584v2_genomic_NC_000913.3	3471000	3472000	1
GCF_000005845.2_ASM584v2_genomic_NC_000913.3	3472000	3765000	0
GCF_000005845.2_ASM584v2_genomic_NC_000913.3	3765000	3766000	21
GCF_000005845.2_ASM584v2_genomic_NC_000913.3	3766000	3946000	0
GCF_000005845.2_ASM584v2_genomic_NC_000913.3	3946000	3947000	1
GCF_000005845.2_ASM584v2_genomic_NC_000913.3	3947000	4040000	0
GCF_000005845.2_ASM584v2_genomic_NC_000913.3	4040000	4041000	2
GCF_000005845.2_ASM584v2_genomic_NC_000913.3	4041000	4213000	0
GCF_000005845.2_ASM584v2_genomic_NC_000913.3	4213000	4214000	10
GCF_000005845.2_ASM584v2_genomic_NC_000913.3	4214000	4325000	0
GCF_000005845.2_ASM584v2_genomic_NC_000913.3	4325000	4326000	3
GCF_000005845.2_ASM584v2_genomic_NC_000913.3	4326000	4392000	0
GCF_000005845.2_ASM584v2_genomic_NC_000913.3	4392000	4393000	2
GCF_000005845.2_ASM584v2_genomic_NC_000913.3	4393000	4642000	0
