GCF_000005845.2_ASM584v2_genomic_NC_000913.3	0	20000	0
GCF_000005845.2_ASM584v2_genomic_NC_000913.3	20000	21000	1
GCF_000005845.2_ASM584v2_genomic_NC_000913.3	21000	225000	0
GCF_000005845.2_ASM584v2_genomic_NC_000913.3	225000	226000	7
GCF_000005845.2_ASM584v2_genomic_NC_000913.3	226000	228000	0
GCF_000005845.2_ASM584v2_genomic_NC_000913.3	228000	229000	4
GCF_000005845.2_ASM584v2_genomic_NC_000913.3	229000	339000	0
GCF_000005845.2_ASM584v2_genomic_NC_000913.3	339000	340000	3
GCF_000005845.2_ASM584v2_genomic_NC_000913.3	340000	526000	0
GCF_000005845.2_ASM584v2_genomic_NC_000913.3	526000	527000	1
GCF_000005845.2_ASM584v2_genomic_NC_000913.3	527000	575000	0
GCF_000005845.2_ASM584v2_genomic_NC_000913.3	575000	576000	17
GCF_000005845.2_ASM584v2_genomic_NC_000913.3	576000	735000	0
GCF_000005845.2_ASM584v2_genomic_NC_000913.3	735000	736000	1
GCF_000005845.2_ASM584v2_genomic_NC_000913.3	736000	915000	0
GCF_000005845.2_ASM584v2_genomic_NC_000913.3	915000	916000	10
GCF_000005845.2_ASM584v2_genomic_NC_000913.3	916000	1209000	0
GCF_000005845.2_ASM584v2_genomic_NC_000913.3	1209000	1210000	21
GCF_000005845.2_ASM584v2_genomic_NC_000913.3	1210000	1300000	0
GCF_000005845.2_ASM584v2_genomic_NC_000913.3	1300000	1301000	1
GCF_000005845.2_ASM584v2_genomic_NC_000913.3	1301000	1397000	0
GCF_000005845.2_ASM584v2_genomic_NC_000913.3	1397000	1398000	40
GCF_000005845.2_ASM584v2_genomic_NC_000913.3	1398000	1529000	0
GCF_000005845.2_ASM584v2_genomic_NC_000913.3	1529000	1530000	11
GCF_000005845.2_ASM584v2_genomic_NC_000913.3	1530000	1634000	0
GCF_000005845.2_ASM584v2_genomic_NC_000913.3	1634000	1635000	11
GCF_000005845.2_ASM584v2_genomic_NC_000913.3	1635000	1651000	0
GCF_000005845.2_ASM584v2_genomic_NC_000913.3	1651000	1652000	1
GCF_000005845.2_ASM584v2_genomic_NC_000913.3	1652000	1979000	0
GCF_000005845.2_ASM584v2_genomic_NC_000913.3	1979000	1980000	1
GCF_000005845.2_ASM584v2_genomic_NC_000913.3	1980000	2304000	0
GCF_000005845.2_ASM584v2_genomic_NC_000913.3	2304000	2305000	15
GCF_000005845.2_ASM584v2_genomic_NC_000913.3	2305000	2515000	0
GCF_000005845.2_ASM584v2_genomic_NC_000913.3	2515000	2516000	3
GCF_000005845.2_ASM584v2_genomic_NC_000913.3	2516000	2731000	0
GCF_000005845.2_ASM584v2_genomic_NC_000913.3	2731000	2732000	2
GCF_000005845.2_ASM584v2_genomic_NC_000913.3	2732000	2818000	0
GCF_000005845.2_ASM584v2_genomic_NC_000913.3	2818000	2819000	17
GCF_000005845.2_ASM584v2_genomic_NC_000913.3	2819000	3366000	0
GCF_000005845.2_ASM584v2_genomic_NC_000913.3	3366000	3367000	5
GCF_000005845.2_ASM584v2_genomic_NC_000913.3	3367000	3471000	0
GCF_000005845.2_ASM584v2_genomic_NC_000913.3	3471000	3472000	1
GCF_000005845.2_ASM584v2_genomic_NC_000913.3	3472000	3622000	0
GCF_000005845.2_ASM584v2_genomic_NC_000913.3	3622000	3623000	12
GCF_000005845.2_ASM584v2_genomic_NC_000913.3	3623000	3666000	0
GCF_000005845.2_ASM584v2_genomic_NC_000913.3	3666000	3667000	1
GCF_000005845.2_ASM584v2_genomic_NC_000913.3	3667000	3762000	0
GCF_000005845.2_ASM584v2_genomic_NC_000913.3	3762000	3763000	11
GCF_000005845.2_ASM584v2_genomic_NC_000913.3	3763000	3765000	0
GCF_000005845.2_ASM584v2_genomic_NC_000913.3	3765000	3766000	19
GCF_000005845.2_ASM584v2_genomic_NC_000913.3	3766000	3946000	0
GCF_000005845.2_ASM584v2_genomic_NC_000913.3	3946000	3947000	1
GCF_000005845.2_ASM584v2_genomic_NC_000913.3	3947000	4040000	0
GCF_000005845.2_ASM584v2_genomic_NC_000913.3	4040000	4041000	7
GCF_000005845.2_ASM584v2_genomic_NC_000913.3	4041000	4208000	0
GCF_000005845.2_ASM584v2_genomic_NC_000913.3	4208000	4209000	2
GCF_000005845.2_ASM584v2_genomic_NC_000913.3	4209000	4213000	0
GCF_000005845.2_ASM584v2_genomic_NC_000913.3	4213000	4214000	3
GCF_000005845.2_ASM584v2_genomic_NC_000913.3	4214000	4296000	0
GCF_000005845.2_ASM584v2_genomic_NC_000913.3	4296000	4297000	1
GCF_000005845.2_ASM584v2_genomic_NC_000913.3	4297000	4392000	0
GCF_000005845.2_ASM584v2_genomic_NC_000913.3	4392000	4393000	2
GCF_000005845.2_ASM584v2_genomic_NC_000913.3	4393000	4499000	0
GCF_000005845.2_ASM584v2_genomic_NC_000913.3	4499000	4500000	1
GCF_000005845.2_ASM584v2_genomic_NC_000913.3	4500000	4642000	0
