GCF_000005845.2_ASM584v2_genomic_NC_000913.3	0	66000	0
GCF_000005845.2_ASM584v2_genomic_NC_000913.3	66000	67000	1
GCF_000005845.2_ASM584v2_genomic_NC_000913.3	67000	228000	0
GCF_000005845.2_ASM584v2_genomic_NC_000913.3	228000	229000	4
GCF_000005845.2_ASM584v2_genomic_NC_000913.3	229000	258000	0
GCF_000005845.2_ASM584v2_genomic_NC_000913.3	258000	259000	2
GCF_000005845.2_ASM584v2_genomic_NC_000913.3	259000	526000	0
GCF_000005845.2_ASM584v2_genomic_NC_000913.3	526000	527000	1
GCF_000005845.2_ASM584v2_genomic_NC_000913.3	527000	575000	0
GCF_000005845.2_ASM584v2_genomic_NC_000913.3	575000	576000	27
GCF_000005845.2_ASM584v2_genomic_NC_000913.3	576000	735000	0
GCF_000005845.2_ASM584v2_genomic_NC_000913.3	735000	736000	1
GCF_000005845.2_ASM584v2_genomic_NC_000913.3	736000	915000	0
GCF_000005845.2_ASM584v2_genomic_NC_000913.3	915000	916000	1
GCF_000005845.2_ASM584v2_genomic_NC_000913.3	916000	1050000	0
GCF_000005845.2_ASM584v2_genomic_NC_000913.3	1050000	1051000	1
GCF_000005845.2_ASM584v2_genomic_NC_000913.3	1051000	1209000	0
GCF_000005845.2_ASM584v2_genomic_NC_000913.3	1209000	1210000	2
GCF_000005845.2_ASM584v2_genomic_NC_000913.3	1210000	1269000	0
GCF_000005845.2_ASM584v2_genomic_NC_000913.3	1269000	1270000	3
GCF_000005845.2_ASM584v2_genomic_NC_000913.3	1270000	1286000	0
GCF_000005845.2_ASM584v2_genomic_NC_000913.3	1286000	1287000	9
GCF_000005845.2_ASM584v2_genomic_NC_000913.3	1287000	1300000	0
GCF_000005845.2_ASM584v2_genomic_NC_000913.3	1300000	1301000	1
GCF_000005845.2_ASM584v2_genomic_NC_000913.3	1301000	1397000	0
GCF_000005845.2_ASM584v2_genomic_NC_000913.3	1397000	1398000	4
GCF_000005845.2_ASM584v2_genomic_NC_000913.3	1398000	1431000	0
GCF_000005845.2_ASM584v2_genomic_NC_000913.3	1431000	1432000	1
GCF_000005845.2_ASM584v2_genomic_NC_000913.3	1432000	1434000	0
GCF_000005845.2_ASM584v2_genomic_NC_000913.3	1434000	1435000	23
GCF_000005845.2_ASM584v2_genomic_NC_000913.3	1435000	1529000	0
GCF_000005845.2_ASM584v2_genomic_NC_000913.3	1529000	1530000	6
GCF_000005845.2_ASM584v2_genomic_NC_000913.3	1530000	1635000	0
GCF_000005845.2_ASM584v2_genomic_NC_000913.3	1635000	1636000	1
GCF_000005845.2_ASM584v2_genomic_NC_000913.3	1636000	1651000	0
GCF_000005845.2_ASM584v2_genomic_NC_000913.3	1651000	1652000	1
GCF_000005845.2_ASM584v2_genomic_NC_000913.3	1652000	1992000	0
GCF_000005845.2_ASM584v2_genomic_NC_000913.3	1992000	1993000	1
GCF_000005845.2_ASM584v2_genomic_NC_000913.3	1993000	2229000	0
GCF_000005845.2_ASM584v2_genomic_NC_000913.3	2229000	2230000	1
GCF_000005845.2_ASM584v2_genomic_NC_000913.3	2230000	2290000	0
GCF_000005845.2_ASM584v2_genomic_NC_000913.3	2290000	2291000	8
GCF_000005845.2_ASM584v2_genomic_NC_000913.3	2291000	2521000	0
GCF_000005845.2_ASM584v2_genomic_NC_000913.3	2521000	2522000	1
GCF_000005845.2_ASM584v2_genomic_NC_000913.3	2522000	2731000	0
GCF_000005845.2_ASM584v2_genomic_NC_000913.3	2731000	2732000	6
GCF_000005845.2_ASM584v2_genomic_NC_000913.3	2732000	2818000	0
GCF_000005845.2_ASM584v2_genomic_NC_000913.3	2818000	2819000	1
GCF_000005845.2_ASM584v2_genomic_NC_000913.3	2819000	3263000	0
GCF_000005845.2_ASM584v2_genomic_NC_000913.3	3263000	3264000	3
GCF_000005845.2_ASM584v2_genomic_NC_000913.3	3264000	3471000	0
GCF_000005845.2_ASM584v2_genomic_NC_000913.3	3471000	3472000	1
GCF_000005845.2_ASM584v2_genomic_NC_000913.3	3472000	3622000	0
GCF_000005845.2_ASM584v2_genomic_NC_000913.3	3622000	3623000	16
GCF_000005845.2_ASM584v2_genomic_NC_000913.3	3623000	3653000	0
GCF_000005845.2_ASM584v2_genomic_NC_000913.3	3653000	3654000	3
GCF_000005845.2_ASM584v2_genomic_NC_000913.3	3654000	3762000	0
GCF_000005845.2_ASM584v2_genomic_NC_000913.3	3762000	3763000	16
GCF_000005845.2_ASM584v2_genomic_NC_000913.3	3763000	3765000	0
GCF_000005845.2_ASM584v2_genomic_NC_000913.3	3765000	3766000	13
GCF_000005845.2_ASM584v2_genomic_NC_000913.3	3766000	4018000	0
GCF_000005845.2_ASM584v2_genomic_NC_000913.3	4018000	4019000	1
GCF_000005845.2_ASM584v2_genomic_NC_000913.3	4019000	4040000	0
GCF_000005845.2_ASM584v2_genomic_NC_000913.3	4040000	4041000	3
GCF_000005845.2_ASM584v2_genomic_NC_000913.3	4041000	4212000	0
GCF_000005845.2_ASM584v2_genomic_NC_000913.3	4212000	4213000	1
GCF_000005845.2_ASM584v2_genomic_NC_000913.3	4213000	4233000	0
GCF_000005845.2_ASM584v2_genomic_NC_000913.3	4233000	4234000	10
GCF_000005845.2_ASM584v2_genomic_NC_000913.3	4234000	4296000	0
GCF_000005845.2_ASM584v2_genomic_NC_000913.3	4296000	4297000	2
GCF_000005845.2_ASM584v2_genomic_NC_000913.3	4297000	4642000	0
