GCF_000005845.2_ASM584v2_genomic_NC_000913.3	0	20000	0
GCF_000005845.2_ASM584v2_genomic_NC_000913.3	20000	21000	1
GCF_000005845.2_ASM584v2_genomic_NC_000913.3	21000	228000	0
GCF_000005845.2_ASM584v2_genomic_NC_000913.3	228000	229000	4
GCF_000005845.2_ASM584v2_genomic_NC_000913.3	229000	258000	0
GCF_000005845.2_ASM584v2_genomic_NC_000913.3	258000	259000	2
GCF_000005845.2_ASM584v2_genomic_NC_000913.3	259000	526000	0
GCF_000005845.2_ASM584v2_genomic_NC_000913.3	526000	527000	1
GCF_000005845.2_ASM584v2_genomic_NC_000913.3	527000	575000	0
GCF_000005845.2_ASM584v2_genomic_NC_000913.3	575000	576000	29
GCF_000005845.2_ASM584v2_genomic_NC_000913.3	576000	696000	0
GCF_000005845.2_ASM584v2_genomic_NC_000913.3	696000	697000	47
GCF_000005845.2_ASM584v2_genomic_NC_000913.3	697000	698000	79
GCF_000005845.2_ASM584v2_genomic_NC_000913.3	698000	781000	0
GCF_000005845.2_ASM584v2_genomic_NC_000913.3	781000	782000	1
GCF_000005845.2_ASM584v2_genomic_NC_000913.3	782000	1050000	0
GCF_000005845.2_ASM584v2_genomic_NC_000913.3	1050000	1051000	1
GCF_000005845.2_ASM584v2_genomic_NC_000913.3	1051000	1209000	0
GCF_000005845.2_ASM584v2_genomic_NC_000913.3	1209000	1210000	22
GCF_000005845.2_ASM584v2_genomic_NC_000913.3	1210000	1300000	0
GCF_000005845.2_ASM584v2_genomic_NC_000913.3	1300000	1301000	1
GCF_000005845.2_ASM584v2_genomic_NC_000913.3	1301000	1397000	0
GCF_000005845.2_ASM584v2_genomic_NC_000913.3	1397000	1398000	3
GCF_000005845.2_ASM584v2_genomic_NC_000913.3	1398000	1432000	0
GCF_000005845.2_ASM584v2_genomic_NC_000913.3	1432000	1433000	1
GCF_000005845.2_ASM584v2_genomic_NC_000913.3	1433000	1434000	0
GCF_000005845.2_ASM584v2_genomic_NC_000913.3	1434000	1435000	22
GCF_000005845.2_ASM584v2_genomic_NC_000913.3	1435000	1529000	0
GCF_000005845.2_ASM584v2_genomic_NC_000913.3	1529000	1530000	13
GCF_000005845.2_ASM584v2_genomic_NC_000913.3	1530000	1651000	0
GCF_000005845.2_ASM584v2_genomic_NC_000913.3	1651000	1652000	1
GCF_000005845.2_ASM584v2_genomic_NC_000913.3	1652000	1979000	0
GCF_000005845.2_ASM584v2_genomic_NC_000913.3	1979000	1980000	1
GCF_000005845.2_ASM584v2_genomic_NC_000913.3	1980000	2171000	0
GCF_000005845.2_ASM584v2_genomic_NC_000913.3	2171000	2172000	1
GCF_000005845.2_ASM584v2_genomic_NC_000913.3	2172000	2304000	0
GCF_000005845.2_ASM584v2_genomic_NC_000913.3	2304000	2305000	4
GCF_000005845.2_ASM584v2_genomic_NC_000913.3	2305000	2515000	0
GCF_000005845.2_ASM584v2_genomic_NC_000913.3	2515000	2516000	3
GCF_000005845.2_ASM584v2_genomic_NC_000913.3	2516000	2731000	0
GCF_000005845.2_ASM584v2_genomic_NC_000913.3	2731000	2732000	4
GCF_000005845.2_ASM584v2_genomic_NC_000913.3	2732000	2818000	0
GCF_000005845.2_ASM584v2_genomic_NC_000913.3	2818000	2819000	1
GCF_000005845.2_ASM584v2_genomic_NC_000913.3	2819000	3471000	0
GCF_000005845.2_ASM584v2_genomic_NC_000913.3	3471000	3472000	1
GCF_000005845.2_ASM584v2_genomic_NC_000913.3	3472000	3622000	0
GCF_000005845.2_ASM584v2_genomic_NC_000913.3	3622000	3623000	13
GCF_000005845.2_ASM584v2_genomic_NC_000913.3	3623000	3653000	0
GCF_000005845.2_ASM584v2_genomic_NC_000913.3	3653000	3654000	2
GCF_000005845.2_ASM584v2_genomic_NC_000913.3	3654000	3765000	0
GCF_000005845.2_ASM584v2_genomic_NC_000913.3	3765000	3766000	15
GCF_000005845.2_ASM584v2_genomic_NC_000913.3	3766000	3946000	0
GCF_000005845.2_ASM584v2_genomic_NC_000913.3	3946000	3947000	1
GCF_000005845.2_ASM584v2_genomic_NC_000913.3	3947000	4040000	0
GCF_000005845.2_ASM584v2_genomic_NC_000913.3	4040000	4041000	7
GCF_000005845.2_ASM584v2_genomic_NC_000913.3	4041000	4212000	0
GCF_000005845.2_ASM584v2_genomic_NC_000913.3	4212000	4213000	1
GCF_000005845.2_ASM584v2_genomic_NC_000913.3	4213000	4214000	10
GCF_000005845.2_ASM584v2_genomic_NC_000913.3	4214000	4296000	0
GCF_000005845.2_ASM584v2_genomic_NC_000913.3	4296000	4297000	1
GCF_000005845.2_ASM584v2_genomic_NC_000913.3	4297000	4326000	0
GCF_000005845.2_ASM584v2_genomic_NC_000913.3	4326000	4327000	2
GCF_000005845.2_ASM584v2_genomic_NC_000913.3	4327000	4642000	0
