GCF_000006765.1_ASM676v1_genomic_NC_002516.2
41216 44262
53083 54049
54840 56083
68712 69536
112179 112407
230536 237162
264721 264841
286236 286331
296811 297776
333441 334442
370487 370705
499829 501301
515761 516028
521332 521569
556267 558754
567729 567931
628415 630515
654091 655202
680158 681340
689220 703161
721615 727222
785339 789698
789918 794430
821700 821874
896011 901467
991521 991679
1061496 1062434
1065081 1065389
1065786 1069382
1174199 1187273
1242669 1242898
1243395 1244529
1316463 1316911
1340742 1343378
1357998 1358196
1364983 1365054
1366625 1366883
1481163 1489617
1495496 1495585
1598963 1600080
1641811 1645023
1790111 1790168
2037414 2037616
2039731 2040052
2041344 2041612
2116526 2118519
2119756 2122520
2170081 2170879
2174249 2174335
2226248 2229136
2231863 2231962
2261280 2261404
2277497 2279378
2279536 2279852
2304027 2304148
2310900 2318222
2368045 2368141
2369130 2369190
2371620 2372096
2373008 2373139
2374223 2374959
2376936 2377037
2438985 2451595
2505312 2505389
2515048 2515307
2518660 2519884
2521019 2522459
2524183 2524603
2533294 2533383
2556802 2558836
2568643 2568809
2570200 2570353
2597095 2597560
2598528 2599242
2601193 2601809
2640137 2641520
2647641 2648320
2653058 2672265
2673485 2682631
2707185 2707665
2722711 2723312
2742613 2743440
2760357 2761407
2766331 2770958
2776224 2777024
2803423 2803518
2936424 2936476
3043475 3044846
3087637 3087872
3088131 3099302
3148253 3148358
3171532 3173837
3240744 3240863
3258919 3259048
3475457 3475647
3526478 3547688
3683576 3684538
3778173 3778654
3812756 3812842
3841898 3843322
3843397 3843598
3874417 3874645
3899935 3907187
3914109 3930742
3995154 3995217
3997071 3997304
4008733 4008950
4225554 4225663
4326870 4333205
4376987 4377244
4389076 4389430
4473544 4474915
4503218 4503830
4528454 4528679
4553809 4554321
4588561 4588667
4623362 4623796
4658247 4658361
4672823 4672933
4713959 4720113
4721539 4721615
4788573 4792926
4793722 4794218
4832865 4833329
4836827 4837234
4838351 4839225
5053631 5055625
5069018 5072398
5100865 5101242
5161176 5161467
5187219 5189208
5264697 5265583
5267895 5269746
5361340 5361440
5393236 5393292
5455108 5455319
5612212 5612276
5725081 5726103
5726612 5727408
5915366 5915470
5925967 5930759
6039583 6040290
6040827 6044686
6090789 6090920
6094241 6094425
6188025 6188078
6209408 6209480
6241500 6241771
