GCF_000006765.1_ASM676v1_genomic_NC_002516.2
45126 48742
53083 54049
54840 56083
68712 69536
230536 237162
264628 264841
286236 286331
294647 297776
370487 370705
499829 501301
515761 516028
521332 521569
556267 558754
628415 630515
654091 655202
680158 681340
689220 703161
721615 727222
785339 789698
789919 794430
896140 901467
991499 991666
1061496 1062434
1065081 1065389
1065786 1069382
1174199 1187273
1242669 1242898
1243395 1244529
1340742 1343378
1481163 1489617
1495496 1495585
1598963 1600080
1695281 1695575
2015393 2015853
2039289 2039786
2071351 2076470
2116526 2118565
2119390 2122520
2226248 2229136
2277497 2279378
2279536 2279852
2311108 2318222
2438985 2451595
2521315 2522459
2556802 2556862
2558242 2558836
2640137 2641520
2647641 2648320
2653058 2672265
2673485 2682631
2707185 2707665
2722711 2723312
2742690 2742896
2760357 2761407
2766331 2767291
2776224 2776934
2777472 2780502
2803423 2803518
2936424 2936476
3043475 3044846
3087637 3087872
3088131 3099302
3148253 3148358
3171532 3173781
3475512 3475792
3526478 3547688
3683576 3684538
3778173 3778654
3812756 3812842
3841898 3843598
3873959 3874243
3899935 3907187
3914109 3930742
4008733 4008950
4225554 4225663
4326870 4333205
4376987 4377244
4473544 4474915
4502377 4503811
4528454 4528679
4553809 4554321
4588561 4588667
4658247 4658361
4672823 4672933
4719631 4720170
4767870 4768919
4789170 4794218
4832342 4833329
4836441 4837246
5053631 5055625
5069018 5072398
5100865 5101242
5187451 5189208
5264146 5269746
5361340 5361440
5382520 5383891
5455012 5455223
5541703 5541863
5612212 5612276
5725081 5726103
5726612 5727408
5925967 5930759
6039583 6040126
6090789 6090920
6094241 6094756
6209408 6209480
6241500 6241771
