NC_000964.3_NC_000964.3	0	35000	0
NC_000964.3_NC_000964.3	35000	36000	1
NC_000964.3_NC_000964.3	36000	95000	0
NC_000964.3_NC_000964.3	95000	96000	3
NC_000964.3_NC_000964.3	96000	101000	0
NC_000964.3_NC_000964.3	101000	102000	1
NC_000964.3_NC_000964.3	102000	176000	0
NC_000964.3_NC_000964.3	176000	177000	4
NC_000964.3_NC_000964.3	177000	260000	0
NC_000964.3_NC_000964.3	260000	261000	1
NC_000964.3_NC_000964.3	261000	384000	0
NC_000964.3_NC_000964.3	384000	385000	1
NC_000964.3_NC_000964.3	385000	397000	0
NC_000964.3_NC_000964.3	397000	398000	6
NC_000964.3_NC_000964.3	398000	637000	0
NC_000964.3_NC_000964.3	637000	638000	1
NC_000964.3_NC_000964.3	638000	640000	0
NC_000964.3_NC_000964.3	640000	641000	2
NC_000964.3_NC_000964.3	641000	952000	0
NC_000964.3_NC_000964.3	952000	953000	7
NC_000964.3_NC_000964.3	953000	1511000	0
NC_000964.3_NC_000964.3	1511000	1512000	90
NC_000964.3_NC_000964.3	1512000	2113000	0
NC_000964.3_NC_000964.3	2113000	2114000	2
NC_000964.3_NC_000964.3	2114000	2286000	0
NC_000964.3_NC_000964.3	2286000	2287000	25
NC_000964.3_NC_000964.3	2287000	3230000	0
NC_000964.3_NC_000964.3	3230000	3231000	36
NC_000964.3_NC_000964.3	3231000	4216000	0
