NC_000964.3_NC_000964.3	0	14000	0
NC_000964.3_NC_000964.3	14000	15000	1
NC_000964.3_NC_000964.3	15000	35000	0
NC_000964.3_NC_000964.3	35000	36000	1
NC_000964.3_NC_000964.3	36000	101000	0
NC_000964.3_NC_000964.3	101000	102000	1
NC_000964.3_NC_000964.3	102000	176000	0
NC_000964.3_NC_000964.3	176000	177000	4
NC_000964.3_NC_000964.3	177000	260000	0
NC_000964.3_NC_000964.3	260000	261000	50
NC_000964.3_NC_000964.3	261000	637000	0
NC_000964.3_NC_000964.3	637000	638000	1
NC_000964.3_NC_000964.3	638000	640000	0
NC_000964.3_NC_000964.3	640000	641000	1
NC_000964.3_NC_000964.3	641000	687000	0
NC_000964.3_NC_000964.3	687000	688000	1
NC_000964.3_NC_000964.3	688000	951000	0
NC_000964.3_NC_000964.3	951000	952000	6
NC_000964.3_NC_000964.3	952000	1369000	0
NC_000964.3_NC_000964.3	1369000	1370000	6
NC_000964.3_NC_000964.3	1370000	1769000	0
NC_000964.3_NC_000964.3	1769000	1770000	6
NC_000964.3_NC_000964.3	1770000	1771000	11
NC_000964.3_NC_000964.3	1771000	1978000	0
NC_000964.3_NC_000964.3	1978000	1979000	5
NC_000964.3_NC_000964.3	1979000	1980000	11
NC_000964.3_NC_000964.3	1980000	1996000	0
NC_000964.3_NC_000964.3	1996000	1997000	4
NC_000964.3_NC_000964.3	1997000	2286000	0
NC_000964.3_NC_000964.3	2286000	2287000	1
NC_000964.3_NC_000964.3	2287000	2301000	0
NC_000964.3_NC_000964.3	2301000	2302000	17
NC_000964.3_NC_000964.3	2302000	3330000	0
NC_000964.3_NC_000964.3	3330000	3331000	3
NC_000964.3_NC_000964.3	3331000	3523000	0
NC_000964.3_NC_000964.3	3523000	3524000	24
NC_000964.3_NC_000964.3	3524000	3804000	0
NC_000964.3_NC_000964.3	3804000	3805000	5
NC_000964.3_NC_000964.3	3805000	4216000	0
