NC_000964.3_NC_000964.3	0	35000	0
NC_000964.3_NC_000964.3	35000	36000	1
NC_000964.3_NC_000964.3	36000	101000	0
NC_000964.3_NC_000964.3	101000	102000	1
NC_000964.3_NC_000964.3	102000	176000	0
NC_000964.3_NC_000964.3	176000	177000	4
NC_000964.3_NC_000964.3	177000	260000	0
NC_000964.3_NC_000964.3	260000	261000	40
NC_000964.3_NC_000964.3	261000	501000	0
NC_000964.3_NC_000964.3	501000	502000	10
NC_000964.3_NC_000964.3	502000	637000	0
NC_000964.3_NC_000964.3	637000	638000	1
NC_000964.3_NC_000964.3	638000	640000	0
NC_000964.3_NC_000964.3	640000	641000	2
NC_000964.3_NC_000964.3	641000	952000	0
NC_000964.3_NC_000964.3	952000	953000	54
NC_000964.3_NC_000964.3	953000	1996000	0
NC_000964.3_NC_000964.3	1996000	1997000	4
NC_000964.3_NC_000964.3	1997000	2286000	0
NC_000964.3_NC_000964.3	2286000	2287000	18
NC_000964.3_NC_000964.3	2287000	3178000	0
NC_000964.3_NC_000964.3	3178000	3179000	32
NC_000964.3_NC_000964.3	3179000	4216000	0
