NC_000964.3_NC_000964.3	0	69000	0
NC_000964.3_NC_000964.3	69000	70000	1
NC_000964.3_NC_000964.3	70000	101000	0
NC_000964.3_NC_000964.3	101000	102000	1
NC_000964.3_NC_000964.3	102000	176000	0
NC_000964.3_NC_000964.3	176000	177000	4
NC_000964.3_NC_000964.3	177000	260000	0
NC_000964.3_NC_000964.3	260000	261000	1
NC_000964.3_NC_000964.3	261000	384000	0
NC_000964.3_NC_000964.3	384000	385000	49
NC_000964.3_NC_000964.3	385000	637000	0
NC_000964.3_NC_000964.3	637000	638000	2
NC_000964.3_NC_000964.3	638000	640000	0
NC_000964.3_NC_000964.3	640000	641000	1
NC_000964.3_NC_000964.3	641000	785000	0
NC_000964.3_NC_000964.3	785000	786000	1
NC_000964.3_NC_000964.3	786000	1049000	0
NC_000964.3_NC_000964.3	1049000	1050000	9
NC_000964.3_NC_000964.3	1050000	1659000	0
NC_000964.3_NC_000964.3	1659000	1660000	3
NC_000964.3_NC_000964.3	1660000	1967000	0
NC_000964.3_NC_000964.3	1967000	1968000	50
NC_000964.3_NC_000964.3	1968000	1997000	0
NC_000964.3_NC_000964.3	1997000	1998000	4
NC_000964.3_NC_000964.3	1998000	2286000	0
NC_000964.3_NC_000964.3	2286000	2287000	8
NC_000964.3_NC_000964.3	2287000	2699000	0
NC_000964.3_NC_000964.3	2699000	2700000	1
NC_000964.3_NC_000964.3	2700000	2716000	0
NC_000964.3_NC_000964.3	2716000	2717000	2
NC_000964.3_NC_000964.3	2717000	2778000	0
NC_000964.3_NC_000964.3	2778000	2779000	1
NC_000964.3_NC_000964.3	2779000	2889000	0
NC_000964.3_NC_000964.3	2889000	2890000	1
NC_000964.3_NC_000964.3	2890000	2918000	0
NC_000964.3_NC_000964.3	2918000	2919000	3
NC_000964.3_NC_000964.3	2919000	3035000	0
NC_000964.3_NC_000964.3	3035000	3036000	1
NC_000964.3_NC_000964.3	3036000	3208000	0
NC_000964.3_NC_000964.3	3208000	3209000	4
NC_000964.3_NC_000964.3	3209000	3483000	0
NC_000964.3_NC_000964.3	3483000	3484000	1
NC_000964.3_NC_000964.3	3484000	3567000	0
NC_000964.3_NC_000964.3	3567000	3568000	1
NC_000964.3_NC_000964.3	3568000	3606000	0
NC_000964.3_NC_000964.3	3606000	3607000	21
NC_000964.3_NC_000964.3	3607000	3770000	0
NC_000964.3_NC_000964.3	3770000	3771000	1
NC_000964.3_NC_000964.3	3771000	3858000	0
NC_000964.3_NC_000964.3	3858000	3859000	1
NC_000964.3_NC_000964.3	3859000	3878000	0
NC_000964.3_NC_000964.3	3878000	3879000	3
NC_000964.3_NC_000964.3	3879000	4086000	0
NC_000964.3_NC_000964.3	4086000	4087000	1
NC_000964.3_NC_000964.3	4087000	4216000	0
