GCF_000005845.2_ASM584v2_genomic_NC_000913.3
15442 16677
19849 20509
223520 225736
257908 258683
270594 271706
274010 275094
279217 279877
290689 291350
315284 316428
339811 339879
375143 375270
382232 382539
391763 392917
574641 575735
608062 609296
687901 688996
729791 733198
781123 781391
1049883 1050494
1094299 1095448
1097016 1097347
1287085 1287262
1299495 1300693
1396095 1397188
1467964 1469295
1470391 1470461
1528239 1529119
1570725 1571846
1632615 1634967
1650898 1651134
1708718 1708847
1979221 1979270
2066231 2067300
2068995 2070218
2101800 2102893
2170224 2171373
2288971 2290058
2304515 2304692
2726117 2731430
2817783 2818196
2947576 2947685
2996414 2997639
3186147 3187373
3365607 3366700
3423314 3428939
3470219 3471139
3583482 3584144
3621941 3622807
3652085 3653181
3762319 3765832
3933407 3937771
3941497 3946894
4035220 4037031
4037552 4040790
4166354 4171910
4207898 4208000
4209703 4213111
4296323 4296433
4325997 4326283
4392413 4392494
4498235 4499457
4507513 4508626
4614310 4614366
