GCF_000005845.2_ASM584v2_genomic_NC_000913.3
15442 16677
223520 225738
228881 228950
257908 258683
270594 271706
274010 275094
279217 279877
290689 291350
315284 316428
375143 375270
382232 382539
391763 392917
566826 567980
574641 575735
608062 609296
687901 688996
729791 733198
780814 780874
781423 781789
1049883 1050494
1094299 1095448
1097016 1097347
1269960 1270439
1286763 1286953
1299495 1300693
1396095 1397188
1432329 1434681
1467964 1469295
1470391 1470461
1528239 1529119
1570725 1571846
1650898 1651134
1708709 1708847
1978495 1979270
2066231 2067300
2068995 2070218
2101800 2102893
2288971 2290058
2304400 2304512
2726117 2731430
2947576 2947685
2996414 2997639
3130196 3131291
3186147 3187372
3365607 3366700
3423314 3428939
3470219 3471139
3583482 3584144
3621941 3622807
3762319 3765832
3933407 3937771
3941497 3946894
4035220 4037031
4037552 4040790
4094627 4094718
4166354 4171910
4207898 4208000
4209703 4213111
4296323 4296433
4325988 4326283
4498235 4499457
4507513 4508626
