GCF_000005845.2_ASM584v2_genomic_NC_000913.3
15442 16677
223520 228950
257908 258683
270594 271706
274010 275094
279217 279877
290689 291350
315284 316428
375143 375270
381313 382539
391763 392268
525785 526665
566826 567980
574641 575735
687901 688996
729567 733198
734203 736301
780609 781389
1049883 1050494
1094299 1095681
1097016 1097347
1269960 1270439
1286965 1287242
1396095 1397188
1467964 1470461
1570725 1571846
1632615 1634967
1978495 1979270
2066231 2067302
2068995 2070218
2101800 2102893
2170224 2170813
2288971 2290058
2304400 2304512
2514328 2515563
2521252 2521472
2662493 2662583
2726117 2731430
2818058 2818196
2947385 2947494
2996414 2996719
3130196 3131291
3186147 3187373
3269882 3269994
3365607 3366700
3423717 3428939
3583482 3584144
3624198 3625422
3652085 3653181
3762168 3765774
3933407 3937771
3941497 3946894
4035220 4037031
4040575 4040745
4094627 4094718
4166354 4171910
4176134 4177054
4207898 4208000
4209494 4213111
4296323 4296433
4325897 4326032
4498235 4499457
4507513 4507584
