GCF_000005845.2_ASM584v2_genomic_NC_000913.3
19849 20509
223520 225738
228881 228950
257908 258683
270594 271706
274010 275094
279217 279877
290689 291350
315284 316428
339811 339879
375143 375270
381313 382539
391763 392917
574641 575735
608062 609296
687901 688996
696809 696862
729791 733198
780930 781391
1049883 1050494
1094299 1095448
1097016 1097347
1287085 1287262
1299495 1300693
1396095 1397188
1466491 1466800
1467964 1470461
1528239 1529119
1650898 1651134
1708709 1708847
1978495 1979270
2066231 2067302
2068995 2070218
2170224 2171373
2288971 2290058
2304455 2304692
2514328 2515563
2520986 2521465
2726117 2731430
2817838 2818089
2947576 2947685
2996414 2996719
3130196 3131291
3186147 3187372
3365607 3366700
3423314 3428939
3621941 3622807
3652085 3653181
3762319 3765832
3933407 3937771
3941497 3946894
4035220 4037031
4037552 4040790
4094577 4094627
4166354 4171910
4176134 4177054
4207898 4208000
4209494 4213111
4296323 4296433
4325805 4325904
4392413 4392609
4498235 4499457
4507513 4507584
4614310 4614366
