GCF_000005845.2_ASM584v2_genomic_NC_000913.3
15442 16677
19849 20509
223520 225738
228881 228950
257908 258683
270594 271706
274010 275094
279217 279877
290689 291350
315284 316428
339811 339879
375143 375270
381313 382539
566826 567980
574641 575735
608062 609296
687901 688996
729791 733198
781123 781391
1094299 1095448
1097016 1097347
1286763 1286915
1396095 1397188
1466579 1466872
1467964 1470461
1528239 1529119
1632615 1634967
1708709 1708847
1978495 1979270
2066231 2067302
2068995 2069299
2101800 2102893
2170224 2171373
2288971 2290058
2304515 2304692
2520986 2521273
2726117 2731430
2818137 2818550
2947576 2947685
2996414 2997639
3130196 3131291
3186147 3187373
3365607 3366700
3423314 3428939
3583482 3584144
3621941 3622807
3624514 3625422
3652085 3653181
3666260 3667381
3762319 3765832
3933407 3937771
3941497 3946894
4035220 4037031
4037552 4040790
4094577 4094627
4166354 4171910
4176134 4177054
4207898 4208000
4209494 4213111
4296323 4296433
4325805 4325904
4498235 4499457
4507513 4507584
