GCF_000005845.2_ASM584v2_genomic_NC_000913.3
15442 16677
19849 20509
223520 228951
270594 271706
274010 275094
279217 279877
290689 291350
315284 316428
339811 339879
375143 375270
381313 382539
566826 567980
574641 575735
608062 609296
687901 688996
696430 696541
729791 733198
780898 781391
915099 915227
1049883 1050494
1094299 1095448
1097016 1097347
1287085 1287262
1396095 1397188
1432329 1434681
1467964 1470461
1528239 1529119
1570641 1571846
1650898 1651134
1708614 1708709
1978495 1979270
2066231 2067302
2068995 2070218
2101800 2102893
2170224 2171373
2288971 2290058
2304515 2304579
2521228 2521472
2729205 2731430
2817783 2818196
2947576 2947685
2996414 2996719
3130196 3131291
3186147 3187372
3365607 3366700
3423473 3428939
3470219 3471139
3583482 3584141
3621941 3622807
3652085 3653181
3762319 3765832
3933407 3937771
3941497 3946771
4035220 4037031
4037554 4040790
4094627 4094718
4166354 4171910
4207898 4208000
4209494 4213111
4296323 4296433
4325903 4326232
4392413 4392494
4498235 4499457
4507513 4507584
4542691 4542940
4614310 4614366
