GCF_000005845.2_ASM584v2_genomic_NC_000913.3
15442 16677
19849 20509
223520 225738
228881 228950
257908 258683
270594 271706
274010 275094
279217 279877
290689 291350
315284 316428
339811 339879
381313 382539
391763 392917
566826 567980
574641 575735
687901 688996
729791 733198
734203 735103
737099 738641
780609 781391
915099 915227
1094299 1095448
1097016 1097347
1287085 1287262
1299495 1300693
1396095 1397188
1466491 1466800
1467964 1470461
1528239 1529119
1570725 1571846
1632615 1634967
1708709 1708847
1978495 1979270
2066231 2067302
2068995 2070218
2288971 2290058
2514328 2515562
2521252 2521472
2726117 2729336
2729866 2731430
2817783 2818196
2947576 2947685
2996414 2997639
3130196 3131291
3186147 3187373
3365607 3366700
3423473 3428939
3583482 3584144
3619328 3622783
3652085 3653181
3667072 3667381
3933407 3937771
3941497 3946894
4035220 4037031
4037552 4040790
4094627 4094718
4166354 4171910
4176134 4177054
4207898 4208000
4209494 4213111
4296003 4296343
4325988 4326283
4499153 4499457
4507513 4507584
4614310 4614366
