GCF_000005845.2_ASM584v2_genomic_NC_000913.3
19850 20509
223520 228950
257908 258683
270594 271706
274010 275094
279217 279877
290689 291350
315284 316428
339856 339986
377430 377529
381313 382539
566826 567980
574641 575735
608062 609296
687901 688996
696430 696541
729791 733198
734203 735199
737099 738641
780608 781809
915099 915192
1049883 1050491
1094299 1095448
1097175 1097604
1269960 1270439
1286708 1286885
1299495 1300693
1396095 1397188
1466491 1466800
1467964 1470461
1528239 1529119
1570725 1571846
1632615 1635510
1978495 1979270
2066231 2067302
2068995 2070218
2170224 2171373
2288971 2290058
2304628 2304957
2482136 2482241
2514328 2515563
2518036 2518150
2520986 2521273
2726117 2727503
2729205 2731430
2818252 2818495
2947468 2947687
2996414 2996767
3130196 3131291
3186147 3187372
3365607 3366700
3423314 3428939
3470219 3471139
3619328 3622783
3648147 3648377
3652085 3653181
3933407 3937771
3941497 3946894
4035220 4040790
4166354 4171910
4207898 4208000
4209494 4212611
4296323 4296433
4325997 4326247
4392415 4392606
4498235 4499457
4507513 4507584
4606134 4606348
4614255 4614355
