GCF_000005845.2_ASM584v2_genomic_NC_000913.3
223520 227384
228383 228950
257908 258683
270594 271706
274010 275094
279217 279877
290689 291350
375143 375270
381313 382539
391763 392917
525785 526665
566826 567980
574641 575735
608062 609296
687901 688996
696719 696862
780898 781634
1049883 1050494
1094299 1095448
1097016 1097347
1287085 1287262
1299495 1300693
1396095 1397188
1466491 1466800
1467964 1469295
1470391 1470461
1632615 1634967
1650898 1651134
1978495 1979270
2066231 2067302
2068995 2069299
2101800 2102893
2170224 2171373
2288971 2290058
2304455 2304692
2514328 2515563
2521106 2521472
2726117 2731430
2817862 2818471
2947576 2947685
2996414 2997639
3130196 3131291
3186147 3187373
3269882 3269994
3423314 3425102
3426804 3428939
3583482 3584144
3619328 3622807
3652085 3653181
3762319 3765832
3933407 3937771
3941497 3946894
4035220 4037031
4037552 4040790
4094627 4094718
4166354 4171910
4176134 4177054
4207898 4212611
4296323 4296433
4325988 4326283
4498235 4499457
4507513 4508626
4542691 4542986
