GCF_000006765.1_ASM676v1_genomic_NC_002516.2	0	1000	173
GCF_000006765.1_ASM676v1_genomic_NC_002516.2	1000	44000	0
GCF_000006765.1_ASM676v1_genomic_NC_002516.2	44000	45000	6
GCF_000006765.1_ASM676v1_genomic_NC_002516.2	45000	46000	34
GCF_000006765.1_ASM676v1_genomic_NC_002516.2	46000	48000	0
GCF_000006765.1_ASM676v1_genomic_NC_002516.2	48000	49000	39
GCF_000006765.1_ASM676v1_genomic_NC_002516.2	49000	54000	0
GCF_000006765.1_ASM676v1_genomic_NC_002516.2	54000	55000	8
GCF_000006765.1_ASM676v1_genomic_NC_002516.2	55000	56000	0
GCF_000006765.1_ASM676v1_genomic_NC_002516.2	56000	57000	105
GCF_000006765.1_ASM676v1_genomic_NC_002516.2	57000	69000	0
GCF_000006765.1_ASM676v1_genomic_NC_002516.2	69000	70000	122
GCF_000006765.1_ASM676v1_genomic_NC_002516.2	70000	71000	43
GCF_000006765.1_ASM676v1_genomic_NC_002516.2	71000	112000	0
GCF_000006765.1_ASM676v1_genomic_NC_002516.2	112000	113000	171
GCF_000006765.1_ASM676v1_genomic_NC_002516.2	113000	114000	186
GCF_000006765.1_ASM676v1_genomic_NC_002516.2	114000	192000	0
GCF_000006765.1_ASM676v1_genomic_NC_002516.2	192000	193000	120
GCF_000006765.1_ASM676v1_genomic_NC_002516.2	193000	237000	0
GCF_000006765.1_ASM676v1_genomic_NC_002516.2	237000	238000	10
GCF_000006765.1_ASM676v1_genomic_NC_002516.2	238000	239000	0
GCF_000006765.1_ASM676v1_genomic_NC_002516.2	239000	240000	57
GCF_000006765.1_ASM676v1_genomic_NC_002516.2	240000	260000	0
GCF_000006765.1_ASM676v1_genomic_NC_002516.2	260000	261000	14
GCF_000006765.1_ASM676v1_genomic_NC_002516.2	261000	264000	0
GCF_000006765.1_ASM676v1_genomic_NC_002516.2	264000	265000	43
GCF_000006765.1_ASM676v1_genomic_NC_002516.2	265000	266000	79
GCF_000006765.1_ASM676v1_genomic_NC_002516.2	266000	286000	0
GCF_000006765.1_ASM676v1_genomic_NC_002516.2	286000	287000	30
GCF_000006765.1_ASM676v1_genomic_NC_002516.2	287000	294000	0
GCF_000006765.1_ASM676v1_genomic_NC_002516.2	294000	295000	15
GCF_000006765.1_ASM676v1_genomic_NC_002516.2	295000	297000	0
GCF_000006765.1_ASM676v1_genomic_NC_002516.2	297000	298000	65
GCF_000006765.1_ASM676v1_genomic_NC_002516.2	298000	299000	167
GCF_000006765.1_ASM676v1_genomic_NC_002516.2	299000	334000	0
GCF_000006765.1_ASM676v1_genomic_NC_002516.2	334000	335000	105
GCF_000006765.1_ASM676v1_genomic_NC_002516.2	335000	370000	0
GCF_000006765.1_ASM676v1_genomic_NC_002516.2	370000	371000	84
GCF_000006765.1_ASM676v1_genomic_NC_002516.2	371000	372000	268
GCF_000006765.1_ASM676v1_genomic_NC_002516.2	372000	373000	108
GCF_000006765.1_ASM676v1_genomic_NC_002516.2	373000	501000	0
GCF_000006765.1_ASM676v1_genomic_NC_002516.2	501000	502000	87
GCF_000006765.1_ASM676v1_genomic_NC_002516.2	502000	516000	0
GCF_000006765.1_ASM676v1_genomic_NC_002516.2	516000	517000	42
GCF_000006765.1_ASM676v1_genomic_NC_002516.2	517000	521000	0
GCF_000006765.1_ASM676v1_genomic_NC_002516.2	521000	522000	135
GCF_000006765.1_ASM676v1_genomic_NC_002516.2	522000	523000	117
GCF_000006765.1_ASM676v1_genomic_NC_002516.2	523000	558000	0
GCF_000006765.1_ASM676v1_genomic_NC_002516.2	558000	559000	37
GCF_000006765.1_ASM676v1_genomic_NC_002516.2	559000	567000	0
GCF_000006765.1_ASM676v1_genomic_NC_002516.2	567000	568000	21
GCF_000006765.1_ASM676v1_genomic_NC_002516.2	568000	569000	224
GCF_000006765.1_ASM676v1_genomic_NC_002516.2	569000	630000	0
GCF_000006765.1_ASM676v1_genomic_NC_002516.2	630000	631000	146
GCF_000006765.1_ASM676v1_genomic_NC_002516.2	631000	655000	0
GCF_000006765.1_ASM676v1_genomic_NC_002516.2	655000	656000	19
GCF_000006765.1_ASM676v1_genomic_NC_002516.2	656000	657000	105
GCF_000006765.1_ASM676v1_genomic_NC_002516.2	657000	681000	0
GCF_000006765.1_ASM676v1_genomic_NC_002516.2	681000	682000	55
GCF_000006765.1_ASM676v1_genomic_NC_002516.2	682000	703000	0
GCF_000006765.1_ASM676v1_genomic_NC_002516.2	703000	704000	128
GCF_000006765.1_ASM676v1_genomic_NC_002516.2	704000	727000	0
GCF_000006765.1_ASM676v1_genomic_NC_002516.2	727000	728000	229
GCF_000006765.1_ASM676v1_genomic_NC_002516.2	728000	729000	146
GCF_000006765.1_ASM676v1_genomic_NC_002516.2	729000	789000	0
GCF_000006765.1_ASM676v1_genomic_NC_002516.2	789000	790000	27
GCF_000006765.1_ASM676v1_genomic_NC_002516.2	790000	794000	0
GCF_000006765.1_ASM676v1_genomic_NC_002516.2	794000	795000	177
GCF_000006765.1_ASM676v1_genomic_NC_002516.2	795000	796000	18
GCF_000006765.1_ASM676v1_genomic_NC_002516.2	796000	821000	0
GCF_000006765.1_ASM676v1_genomic_NC_002516.2	821000	822000	35
GCF_000006765.1_ASM676v1_genomic_NC_002516.2	822000	823000	272
GCF_000006765.1_ASM676v1_genomic_NC_002516.2	823000	901000	0
GCF_000006765.1_ASM676v1_genomic_NC_002516.2	901000	902000	147
GCF_000006765.1_ASM676v1_genomic_NC_002516.2	902000	903000	52
GCF_000006765.1_ASM676v1_genomic_NC_002516.2	903000	950000	0
GCF_000006765.1_ASM676v1_genomic_NC_002516.2	950000	951000	43
GCF_000006765.1_ASM676v1_genomic_NC_002516.2	951000	952000	102
GCF_000006765.1_ASM676v1_genomic_NC_002516.2	952000	991000	0
GCF_000006765.1_ASM676v1_genomic_NC_002516.2	991000	992000	43
GCF_000006765.1_ASM676v1_genomic_NC_002516.2	992000	999000	0
GCF_000006765.1_ASM676v1_genomic_NC_002516.2	999000	1000000	79
GCF_000006765.1_ASM676v1_genomic_NC_002516.2	1000000	1001000	192
GCF_000006765.1_ASM676v1_genomic_NC_002516.2	1001000	1060000	0
GCF_000006765.1_ASM676v1_genomic_NC_002516.2	1060000	1061000	46
GCF_000006765.1_ASM676v1_genomic_NC_002516.2	1061000	1062000	7
GCF_000006765.1_ASM676v1_genomic_NC_002516.2	1062000	1063000	39
GCF_000006765.1_ASM676v1_genomic_NC_002516.2	1063000	1064000	0
GCF_000006765.1_ASM676v1_genomic_NC_002516.2	1064000	1065000	62
GCF_000006765.1_ASM676v1_genomic_NC_002516.2	1065000	1066000	21
GCF_000006765.1_ASM676v1_genomic_NC_002516.2	1066000	1069000	0
GCF_000006765.1_ASM676v1_genomic_NC_002516.2	1069000	1070000	205
GCF_000006765.1_ASM676v1_genomic_NC_002516.2	1070000	1071000	52
GCF_000006765.1_ASM676v1_genomic_NC_002516.2	1071000	1096000	0
GCF_000006765.1_ASM676v1_genomic_NC_002516.2	1096000	1097000	18
GCF_000006765.1_ASM676v1_genomic_NC_002516.2	1097000	1098000	311
GCF_000006765.1_ASM676v1_genomic_NC_002516.2	1098000	1099000	365
GCF_000006765.1_ASM676v1_genomic_NC_002516.2	1099000	1100000	52
GCF_000006765.1_ASM676v1_genomic_NC_002516.2	1100000	1187000	0
GCF_000006765.1_ASM676v1_genomic_NC_002516.2	1187000	1188000	215
GCF_000006765.1_ASM676v1_genomic_NC_002516.2	1188000	1189000	110
GCF_000006765.1_ASM676v1_genomic_NC_002516.2	1189000	1242000	0
GCF_000006765.1_ASM676v1_genomic_NC_002516.2	1242000	1243000	15
GCF_000006765.1_ASM676v1_genomic_NC_002516.2	1243000	1244000	0
GCF_000006765.1_ASM676v1_genomic_NC_002516.2	1244000	1245000	19
GCF_000006765.1_ASM676v1_genomic_NC_002516.2	1245000	1247000	0
GCF_000006765.1_ASM676v1_genomic_NC_002516.2	1247000	1248000	9
GCF_000006765.1_ASM676v1_genomic_NC_002516.2	1248000	1249000	285
GCF_000006765.1_ASM676v1_genomic_NC_002516.2	1249000	1250000	58
GCF_000006765.1_ASM676v1_genomic_NC_002516.2	1250000	1316000	0
GCF_000006765.1_ASM676v1_genomic_NC_002516.2	1316000	1317000	27
GCF_000006765.1_ASM676v1_genomic_NC_002516.2	1317000	1318000	71
GCF_000006765.1_ASM676v1_genomic_NC_002516.2	1318000	1335000	0
GCF_000006765.1_ASM676v1_genomic_NC_002516.2	1335000	1336000	21
GCF_000006765.1_ASM676v1_genomic_NC_002516.2	1336000	1343000	0
GCF_000006765.1_ASM676v1_genomic_NC_002516.2	1343000	1344000	69
GCF_000006765.1_ASM676v1_genomic_NC_002516.2	1344000	1358000	0
GCF_000006765.1_ASM676v1_genomic_NC_002516.2	1358000	1359000	4
GCF_000006765.1_ASM676v1_genomic_NC_002516.2	1359000	1360000	22
GCF_000006765.1_ASM676v1_genomic_NC_002516.2	1360000	1363000	0
GCF_000006765.1_ASM676v1_genomic_NC_002516.2	1363000	1364000	12
GCF_000006765.1_ASM676v1_genomic_NC_002516.2	1364000	1365000	0
GCF_000006765.1_ASM676v1_genomic_NC_002516.2	1365000	1366000	6
GCF_000006765.1_ASM676v1_genomic_NC_002516.2	1366000	1367000	28
GCF_000006765.1_ASM676v1_genomic_NC_002516.2	1367000	1368000	100
GCF_000006765.1_ASM676v1_genomic_NC_002516.2	1368000	1388000	0
GCF_000006765.1_ASM676v1_genomic_NC_002516.2	1388000	1389000	11
GCF_000006765.1_ASM676v1_genomic_NC_002516.2	1389000	1390000	0
GCF_000006765.1_ASM676v1_genomic_NC_002516.2	1390000	1391000	218
GCF_000006765.1_ASM676v1_genomic_NC_002516.2	1391000	1392000	154
GCF_000006765.1_ASM676v1_genomic_NC_002516.2	1392000	1489000	0
GCF_000006765.1_ASM676v1_genomic_NC_002516.2	1489000	1490000	68
GCF_000006765.1_ASM676v1_genomic_NC_002516.2	1490000	1495000	0
GCF_000006765.1_ASM676v1_genomic_NC_002516.2	1495000	1496000	9
GCF_000006765.1_ASM676v1_genomic_NC_002516.2	1496000	1497000	306
GCF_000006765.1_ASM676v1_genomic_NC_002516.2	1497000	1498000	219
GCF_000006765.1_ASM676v1_genomic_NC_002516.2	1498000	1600000	0
GCF_000006765.1_ASM676v1_genomic_NC_002516.2	1600000	1601000	17
GCF_000006765.1_ASM676v1_genomic_NC_002516.2	1601000	1603000	0
GCF_000006765.1_ASM676v1_genomic_NC_002516.2	1603000	1604000	115
GCF_000006765.1_ASM676v1_genomic_NC_002516.2	1604000	1605000	166
GCF_000006765.1_ASM676v1_genomic_NC_002516.2	1605000	1645000	0
GCF_000006765.1_ASM676v1_genomic_NC_002516.2	1645000	1646000	199
GCF_000006765.1_ASM676v1_genomic_NC_002516.2	1646000	1691000	0
GCF_000006765.1_ASM676v1_genomic_NC_002516.2	1691000	1692000	84
GCF_000006765.1_ASM676v1_genomic_NC_002516.2	1692000	1693000	294
GCF_000006765.1_ASM676v1_genomic_NC_002516.2	1693000	1694000	184
GCF_000006765.1_ASM676v1_genomic_NC_002516.2	1694000	1790000	0
GCF_000006765.1_ASM676v1_genomic_NC_002516.2	1790000	1791000	236
GCF_000006765.1_ASM676v1_genomic_NC_002516.2	1791000	1792000	294
GCF_000006765.1_ASM676v1_genomic_NC_002516.2	1792000	1793000	10
GCF_000006765.1_ASM676v1_genomic_NC_002516.2	1793000	1882000	0
GCF_000006765.1_ASM676v1_genomic_NC_002516.2	1882000	1883000	166
GCF_000006765.1_ASM676v1_genomic_NC_002516.2	1883000	1884000	287
GCF_000006765.1_ASM676v1_genomic_NC_002516.2	1884000	1885000	290
GCF_000006765.1_ASM676v1_genomic_NC_002516.2	1885000	1886000	76
GCF_000006765.1_ASM676v1_genomic_NC_002516.2	1886000	2037000	0
GCF_000006765.1_ASM676v1_genomic_NC_002516.2	2037000	2038000	4
GCF_000006765.1_ASM676v1_genomic_NC_002516.2	2038000	2039000	39
GCF_000006765.1_ASM676v1_genomic_NC_002516.2	2039000	2040000	0
GCF_000006765.1_ASM676v1_genomic_NC_002516.2	2040000	2041000	52
GCF_000006765.1_ASM676v1_genomic_NC_002516.2	2041000	2042000	114
GCF_000006765.1_ASM676v1_genomic_NC_002516.2	2042000	2043000	9
GCF_000006765.1_ASM676v1_genomic_NC_002516.2	2043000	2070000	0
GCF_000006765.1_ASM676v1_genomic_NC_002516.2	2070000	2071000	16
GCF_000006765.1_ASM676v1_genomic_NC_002516.2	2071000	2073000	0
GCF_000006765.1_ASM676v1_genomic_NC_002516.2	2073000	2074000	17
GCF_000006765.1_ASM676v1_genomic_NC_002516.2	2074000	2076000	0
GCF_000006765.1_ASM676v1_genomic_NC_002516.2	2076000	2077000	13
GCF_000006765.1_ASM676v1_genomic_NC_002516.2	2077000	2078000	239
GCF_000006765.1_ASM676v1_genomic_NC_002516.2	2078000	2118000	0
GCF_000006765.1_ASM676v1_genomic_NC_002516.2	2118000	2119000	29
GCF_000006765.1_ASM676v1_genomic_NC_002516.2	2119000	2122000	0
GCF_000006765.1_ASM676v1_genomic_NC_002516.2	2122000	2123000	149
GCF_000006765.1_ASM676v1_genomic_NC_002516.2	2123000	2124000	140
GCF_000006765.1_ASM676v1_genomic_NC_002516.2	2124000	2170000	0
GCF_000006765.1_ASM676v1_genomic_NC_002516.2	2170000	2171000	9
GCF_000006765.1_ASM676v1_genomic_NC_002516.2	2171000	2174000	0
GCF_000006765.1_ASM676v1_genomic_NC_002516.2	2174000	2175000	42
GCF_000006765.1_ASM676v1_genomic_NC_002516.2	2175000	2186000	0
GCF_000006765.1_ASM676v1_genomic_NC_002516.2	2186000	2187000	14
GCF_000006765.1_ASM676v1_genomic_NC_002516.2	2187000	2188000	147
GCF_000006765.1_ASM676v1_genomic_NC_002516.2	2188000	2229000	0
GCF_000006765.1_ASM676v1_genomic_NC_002516.2	2229000	2230000	40
GCF_000006765.1_ASM676v1_genomic_NC_002516.2	2230000	2231000	0
GCF_000006765.1_ASM676v1_genomic_NC_002516.2	2231000	2232000	10
GCF_000006765.1_ASM676v1_genomic_NC_002516.2	2232000	2233000	137
GCF_000006765.1_ASM676v1_genomic_NC_002516.2	2233000	2259000	0
GCF_000006765.1_ASM676v1_genomic_NC_002516.2	2259000	2260000	8
GCF_000006765.1_ASM676v1_genomic_NC_002516.2	2260000	2261000	0
GCF_000006765.1_ASM676v1_genomic_NC_002516.2	2261000	2262000	32
GCF_000006765.1_ASM676v1_genomic_NC_002516.2	2262000	2265000	0
GCF_000006765.1_ASM676v1_genomic_NC_002516.2	2265000	2266000	62
GCF_000006765.1_ASM676v1_genomic_NC_002516.2	2266000	2279000	0
GCF_000006765.1_ASM676v1_genomic_NC_002516.2	2279000	2280000	46
GCF_000006765.1_ASM676v1_genomic_NC_002516.2	2280000	2281000	64
GCF_000006765.1_ASM676v1_genomic_NC_002516.2	2281000	2304000	0
GCF_000006765.1_ASM676v1_genomic_NC_002516.2	2304000	2305000	8
GCF_000006765.1_ASM676v1_genomic_NC_002516.2	2305000	2306000	0
GCF_000006765.1_ASM676v1_genomic_NC_002516.2	2306000	2307000	52
GCF_000006765.1_ASM676v1_genomic_NC_002516.2	2307000	2318000	0
GCF_000006765.1_ASM676v1_genomic_NC_002516.2	2318000	2319000	181
GCF_000006765.1_ASM676v1_genomic_NC_002516.2	2319000	2348000	0
GCF_000006765.1_ASM676v1_genomic_NC_002516.2	2348000	2349000	21
GCF_000006765.1_ASM676v1_genomic_NC_002516.2	2349000	2350000	45
GCF_000006765.1_ASM676v1_genomic_NC_002516.2	2350000	2368000	0
GCF_000006765.1_ASM676v1_genomic_NC_002516.2	2368000	2369000	5
GCF_000006765.1_ASM676v1_genomic_NC_002516.2	2369000	2370000	6
GCF_000006765.1_ASM676v1_genomic_NC_002516.2	2370000	2372000	0
GCF_000006765.1_ASM676v1_genomic_NC_002516.2	2372000	2373000	1
GCF_000006765.1_ASM676v1_genomic_NC_002516.2	2373000	2374000	3
GCF_000006765.1_ASM676v1_genomic_NC_002516.2	2374000	2375000	13
GCF_000006765.1_ASM676v1_genomic_NC_002516.2	2375000	2376000	2
GCF_000006765.1_ASM676v1_genomic_NC_002516.2	2376000	2377000	0
GCF_000006765.1_ASM676v1_genomic_NC_002516.2	2377000	2378000	253
GCF_000006765.1_ASM676v1_genomic_NC_002516.2	2378000	2379000	6
GCF_000006765.1_ASM676v1_genomic_NC_002516.2	2379000	2451000	0
GCF_000006765.1_ASM676v1_genomic_NC_002516.2	2451000	2452000	109
GCF_000006765.1_ASM676v1_genomic_NC_002516.2	2452000	2453000	26
GCF_000006765.1_ASM676v1_genomic_NC_002516.2	2453000	2486000	0
GCF_000006765.1_ASM676v1_genomic_NC_002516.2	2486000	2487000	69
GCF_000006765.1_ASM676v1_genomic_NC_002516.2	2487000	2505000	0
GCF_000006765.1_ASM676v1_genomic_NC_002516.2	2505000	2506000	24
GCF_000006765.1_ASM676v1_genomic_NC_002516.2	2506000	2514000	0
GCF_000006765.1_ASM676v1_genomic_NC_002516.2	2514000	2515000	2
GCF_000006765.1_ASM676v1_genomic_NC_002516.2	2515000	2516000	19
GCF_000006765.1_ASM676v1_genomic_NC_002516.2	2516000	2517000	2
GCF_000006765.1_ASM676v1_genomic_NC_002516.2	2517000	2518000	11
GCF_000006765.1_ASM676v1_genomic_NC_002516.2	2518000	2519000	0
GCF_000006765.1_ASM676v1_genomic_NC_002516.2	2519000	2520000	1
GCF_000006765.1_ASM676v1_genomic_NC_002516.2	2520000	2522000	0
GCF_000006765.1_ASM676v1_genomic_NC_002516.2	2522000	2523000	13
GCF_000006765.1_ASM676v1_genomic_NC_002516.2	2523000	2524000	0
GCF_000006765.1_ASM676v1_genomic_NC_002516.2	2524000	2525000	23
GCF_000006765.1_ASM676v1_genomic_NC_002516.2	2525000	2531000	0
GCF_000006765.1_ASM676v1_genomic_NC_002516.2	2531000	2532000	4
GCF_000006765.1_ASM676v1_genomic_NC_002516.2	2532000	2533000	0
GCF_000006765.1_ASM676v1_genomic_NC_002516.2	2533000	2534000	187
GCF_000006765.1_ASM676v1_genomic_NC_002516.2	2534000	2558000	0
GCF_000006765.1_ASM676v1_genomic_NC_002516.2	2558000	2559000	27
GCF_000006765.1_ASM676v1_genomic_NC_002516.2	2559000	2560000	14
GCF_000006765.1_ASM676v1_genomic_NC_002516.2	2560000	2568000	0
GCF_000006765.1_ASM676v1_genomic_NC_002516.2	2568000	2569000	8
GCF_000006765.1_ASM676v1_genomic_NC_002516.2	2569000	2570000	0
GCF_000006765.1_ASM676v1_genomic_NC_002516.2	2570000	2571000	73
GCF_000006765.1_ASM676v1_genomic_NC_002516.2	2571000	2596000	0
GCF_000006765.1_ASM676v1_genomic_NC_002516.2	2596000	2597000	5
GCF_000006765.1_ASM676v1_genomic_NC_002516.2	2597000	2598000	5
GCF_000006765.1_ASM676v1_genomic_NC_002516.2	2598000	2599000	0
GCF_000006765.1_ASM676v1_genomic_NC_002516.2	2599000	2600000	16
GCF_000006765.1_ASM676v1_genomic_NC_002516.2	2600000	2601000	0
GCF_000006765.1_ASM676v1_genomic_NC_002516.2	2601000	2602000	49
GCF_000006765.1_ASM676v1_genomic_NC_002516.2	2602000	2616000	0
GCF_000006765.1_ASM676v1_genomic_NC_002516.2	2616000	2617000	8
GCF_000006765.1_ASM676v1_genomic_NC_002516.2	2617000	2618000	272
GCF_000006765.1_ASM676v1_genomic_NC_002516.2	2618000	2641000	0
GCF_000006765.1_ASM676v1_genomic_NC_002516.2	2641000	2642000	164
GCF_000006765.1_ASM676v1_genomic_NC_002516.2	2642000	2648000	0
GCF_000006765.1_ASM676v1_genomic_NC_002516.2	2648000	2649000	260
GCF_000006765.1_ASM676v1_genomic_NC_002516.2	2649000	2672000	0
GCF_000006765.1_ASM676v1_genomic_NC_002516.2	2672000	2673000	119
GCF_000006765.1_ASM676v1_genomic_NC_002516.2	2673000	2682000	0
GCF_000006765.1_ASM676v1_genomic_NC_002516.2	2682000	2683000	15
GCF_000006765.1_ASM676v1_genomic_NC_002516.2	2683000	2684000	0
GCF_000006765.1_ASM676v1_genomic_NC_002516.2	2684000	2685000	20
GCF_000006765.1_ASM676v1_genomic_NC_002516.2	2685000	2686000	162
GCF_000006765.1_ASM676v1_genomic_NC_002516.2	2686000	2687000	107
GCF_000006765.1_ASM676v1_genomic_NC_002516.2	2687000	2707000	0
GCF_000006765.1_ASM676v1_genomic_NC_002516.2	2707000	2708000	97
GCF_000006765.1_ASM676v1_genomic_NC_002516.2	2708000	2723000	0
GCF_000006765.1_ASM676v1_genomic_NC_002516.2	2723000	2724000	131
GCF_000006765.1_ASM676v1_genomic_NC_002516.2	2724000	2743000	0
GCF_000006765.1_ASM676v1_genomic_NC_002516.2	2743000	2744000	93
GCF_000006765.1_ASM676v1_genomic_NC_002516.2	2744000	2757000	0
GCF_000006765.1_ASM676v1_genomic_NC_002516.2	2757000	2758000	21
GCF_000006765.1_ASM676v1_genomic_NC_002516.2	2758000	2759000	0
GCF_000006765.1_ASM676v1_genomic_NC_002516.2	2759000	2760000	10
GCF_000006765.1_ASM676v1_genomic_NC_002516.2	2760000	2761000	0
GCF_000006765.1_ASM676v1_genomic_NC_002516.2	2761000	2762000	28
GCF_000006765.1_ASM676v1_genomic_NC_002516.2	2762000	2763000	69
GCF_000006765.1_ASM676v1_genomic_NC_002516.2	2763000	2770000	0
GCF_000006765.1_ASM676v1_genomic_NC_002516.2	2770000	2771000	11
GCF_000006765.1_ASM676v1_genomic_NC_002516.2	2771000	2772000	15
GCF_000006765.1_ASM676v1_genomic_NC_002516.2	2772000	2777000	0
GCF_000006765.1_ASM676v1_genomic_NC_002516.2	2777000	2778000	27
GCF_000006765.1_ASM676v1_genomic_NC_002516.2	2778000	2780000	0
GCF_000006765.1_ASM676v1_genomic_NC_002516.2	2780000	2781000	120
GCF_000006765.1_ASM676v1_genomic_NC_002516.2	2781000	2803000	0
GCF_000006765.1_ASM676v1_genomic_NC_002516.2	2803000	2804000	43
GCF_000006765.1_ASM676v1_genomic_NC_002516.2	2804000	2817000	0
GCF_000006765.1_ASM676v1_genomic_NC_002516.2	2817000	2818000	4
GCF_000006765.1_ASM676v1_genomic_NC_002516.2	2818000	2820000	0
GCF_000006765.1_ASM676v1_genomic_NC_002516.2	2820000	2821000	39
GCF_000006765.1_ASM676v1_genomic_NC_002516.2	2821000	2822000	19
GCF_000006765.1_ASM676v1_genomic_NC_002516.2	2822000	2832000	0
GCF_000006765.1_ASM676v1_genomic_NC_002516.2	2832000	2833000	81
GCF_000006765.1_ASM676v1_genomic_NC_002516.2	2833000	2850000	0
GCF_000006765.1_ASM676v1_genomic_NC_002516.2	2850000	2851000	1
GCF_000006765.1_ASM676v1_genomic_NC_002516.2	2851000	2852000	216
GCF_000006765.1_ASM676v1_genomic_NC_002516.2	2852000	2853000	156
GCF_000006765.1_ASM676v1_genomic_NC_002516.2	2853000	2936000	0
GCF_000006765.1_ASM676v1_genomic_NC_002516.2	2936000	2937000	32
GCF_000006765.1_ASM676v1_genomic_NC_002516.2	2937000	2947000	0
GCF_000006765.1_ASM676v1_genomic_NC_002516.2	2947000	2948000	105
GCF_000006765.1_ASM676v1_genomic_NC_002516.2	2948000	2949000	243
GCF_000006765.1_ASM676v1_genomic_NC_002516.2	2949000	3044000	0
GCF_000006765.1_ASM676v1_genomic_NC_002516.2	3044000	3045000	42
GCF_000006765.1_ASM676v1_genomic_NC_002516.2	3045000	3046000	191
GCF_000006765.1_ASM676v1_genomic_NC_002516.2	3046000	3087000	0
GCF_000006765.1_ASM676v1_genomic_NC_002516.2	3087000	3088000	7
GCF_000006765.1_ASM676v1_genomic_NC_002516.2	3088000	3099000	0
GCF_000006765.1_ASM676v1_genomic_NC_002516.2	3099000	3100000	211
GCF_000006765.1_ASM676v1_genomic_NC_002516.2	3100000	3101000	99
GCF_000006765.1_ASM676v1_genomic_NC_002516.2	3101000	3148000	0
GCF_000006765.1_ASM676v1_genomic_NC_002516.2	3148000	3149000	128
GCF_000006765.1_ASM676v1_genomic_NC_002516.2	3149000	3173000	0
GCF_000006765.1_ASM676v1_genomic_NC_002516.2	3173000	3174000	41
GCF_000006765.1_ASM676v1_genomic_NC_002516.2	3174000	3175000	210
GCF_000006765.1_ASM676v1_genomic_NC_002516.2	3175000	3237000	0
GCF_000006765.1_ASM676v1_genomic_NC_002516.2	3237000	3238000	40
GCF_000006765.1_ASM676v1_genomic_NC_002516.2	3238000	3240000	0
GCF_000006765.1_ASM676v1_genomic_NC_002516.2	3240000	3241000	7
GCF_000006765.1_ASM676v1_genomic_NC_002516.2	3241000	3244000	0
GCF_000006765.1_ASM676v1_genomic_NC_002516.2	3244000	3245000	15
GCF_000006765.1_ASM676v1_genomic_NC_002516.2	3245000	3246000	0
GCF_000006765.1_ASM676v1_genomic_NC_002516.2	3246000	3247000	49
GCF_000006765.1_ASM676v1_genomic_NC_002516.2	3247000	3259000	0
GCF_000006765.1_ASM676v1_genomic_NC_002516.2	3259000	3260000	81
GCF_000006765.1_ASM676v1_genomic_NC_002516.2	3260000	3275000	0
GCF_000006765.1_ASM676v1_genomic_NC_002516.2	3275000	3276000	267
GCF_000006765.1_ASM676v1_genomic_NC_002516.2	3276000	3277000	279
GCF_000006765.1_ASM676v1_genomic_NC_002516.2	3277000	3278000	64
GCF_000006765.1_ASM676v1_genomic_NC_002516.2	3278000	3427000	0
GCF_000006765.1_ASM676v1_genomic_NC_002516.2	3427000	3428000	70
GCF_000006765.1_ASM676v1_genomic_NC_002516.2	3428000	3429000	116
GCF_000006765.1_ASM676v1_genomic_NC_002516.2	3429000	3475000	0
GCF_000006765.1_ASM676v1_genomic_NC_002516.2	3475000	3476000	99
GCF_000006765.1_ASM676v1_genomic_NC_002516.2	3476000	3477000	95
GCF_000006765.1_ASM676v1_genomic_NC_002516.2	3477000	3547000	0
GCF_000006765.1_ASM676v1_genomic_NC_002516.2	3547000	3548000	89
GCF_000006765.1_ASM676v1_genomic_NC_002516.2	3548000	3549000	28
GCF_000006765.1_ASM676v1_genomic_NC_002516.2	3549000	3577000	0
GCF_000006765.1_ASM676v1_genomic_NC_002516.2	3577000	3578000	101
GCF_000006765.1_ASM676v1_genomic_NC_002516.2	3578000	3618000	0
GCF_000006765.1_ASM676v1_genomic_NC_002516.2	3618000	3619000	107
GCF_000006765.1_ASM676v1_genomic_NC_002516.2	3619000	3620000	128
GCF_000006765.1_ASM676v1_genomic_NC_002516.2	3620000	3672000	0
GCF_000006765.1_ASM676v1_genomic_NC_002516.2	3672000	3673000	123
GCF_000006765.1_ASM676v1_genomic_NC_002516.2	3673000	3684000	0
GCF_000006765.1_ASM676v1_genomic_NC_002516.2	3684000	3685000	131
GCF_000006765.1_ASM676v1_genomic_NC_002516.2	3685000	3686000	96
GCF_000006765.1_ASM676v1_genomic_NC_002516.2	3686000	3737000	0
GCF_000006765.1_ASM676v1_genomic_NC_002516.2	3737000	3738000	8
GCF_000006765.1_ASM676v1_genomic_NC_002516.2	3738000	3742000	0
GCF_000006765.1_ASM676v1_genomic_NC_002516.2	3742000	3743000	5
GCF_000006765.1_ASM676v1_genomic_NC_002516.2	3743000	3746000	0
GCF_000006765.1_ASM676v1_genomic_NC_002516.2	3746000	3747000	88
GCF_000006765.1_ASM676v1_genomic_NC_002516.2	3747000	3748000	30
GCF_000006765.1_ASM676v1_genomic_NC_002516.2	3748000	3778000	0
GCF_000006765.1_ASM676v1_genomic_NC_002516.2	3778000	3779000	104
GCF_000006765.1_ASM676v1_genomic_NC_002516.2	3779000	3780000	115
GCF_000006765.1_ASM676v1_genomic_NC_002516.2	3780000	3812000	0
GCF_000006765.1_ASM676v1_genomic_NC_002516.2	3812000	3813000	24
GCF_000006765.1_ASM676v1_genomic_NC_002516.2	3813000	3817000	0
GCF_000006765.1_ASM676v1_genomic_NC_002516.2	3817000	3818000	45
GCF_000006765.1_ASM676v1_genomic_NC_002516.2	3818000	3819000	89
GCF_000006765.1_ASM676v1_genomic_NC_002516.2	3819000	3843000	0
GCF_000006765.1_ASM676v1_genomic_NC_002516.2	3843000	3844000	120
GCF_000006765.1_ASM676v1_genomic_NC_002516.2	3844000	3845000	45
GCF_000006765.1_ASM676v1_genomic_NC_002516.2	3845000	3874000	0
GCF_000006765.1_ASM676v1_genomic_NC_002516.2	3874000	3875000	27
GCF_000006765.1_ASM676v1_genomic_NC_002516.2	3875000	3881000	0
GCF_000006765.1_ASM676v1_genomic_NC_002516.2	3881000	3882000	73
GCF_000006765.1_ASM676v1_genomic_NC_002516.2	3882000	3907000	0
GCF_000006765.1_ASM676v1_genomic_NC_002516.2	3907000	3908000	23
GCF_000006765.1_ASM676v1_genomic_NC_002516.2	3908000	3931000	0
GCF_000006765.1_ASM676v1_genomic_NC_002516.2	3931000	3932000	45
GCF_000006765.1_ASM676v1_genomic_NC_002516.2	3932000	3933000	116
GCF_000006765.1_ASM676v1_genomic_NC_002516.2	3933000	3984000	0
GCF_000006765.1_ASM676v1_genomic_NC_002516.2	3984000	3985000	41
GCF_000006765.1_ASM676v1_genomic_NC_002516.2	3985000	3992000	0
GCF_000006765.1_ASM676v1_genomic_NC_002516.2	3992000	3993000	7
GCF_000006765.1_ASM676v1_genomic_NC_002516.2	3993000	3995000	0
GCF_000006765.1_ASM676v1_genomic_NC_002516.2	3995000	3996000	2
GCF_000006765.1_ASM676v1_genomic_NC_002516.2	3996000	3997000	0
GCF_000006765.1_ASM676v1_genomic_NC_002516.2	3997000	3998000	32
GCF_000006765.1_ASM676v1_genomic_NC_002516.2	3998000	4008000	0
GCF_000006765.1_ASM676v1_genomic_NC_002516.2	4008000	4009000	16
GCF_000006765.1_ASM676v1_genomic_NC_002516.2	4009000	4010000	251
GCF_000006765.1_ASM676v1_genomic_NC_002516.2	4010000	4071000	0
GCF_000006765.1_ASM676v1_genomic_NC_002516.2	4071000	4072000	228
GCF_000006765.1_ASM676v1_genomic_NC_002516.2	4072000	4073000	269
GCF_000006765.1_ASM676v1_genomic_NC_002516.2	4073000	4074000	20
GCF_000006765.1_ASM676v1_genomic_NC_002516.2	4074000	4225000	0
GCF_000006765.1_ASM676v1_genomic_NC_002516.2	4225000	4226000	98
GCF_000006765.1_ASM676v1_genomic_NC_002516.2	4226000	4227000	126
GCF_000006765.1_ASM676v1_genomic_NC_002516.2	4227000	4281000	0
GCF_000006765.1_ASM676v1_genomic_NC_002516.2	4281000	4282000	81
GCF_000006765.1_ASM676v1_genomic_NC_002516.2	4282000	4283000	78
GCF_000006765.1_ASM676v1_genomic_NC_002516.2	4283000	4309000	0
GCF_000006765.1_ASM676v1_genomic_NC_002516.2	4309000	4310000	7
GCF_000006765.1_ASM676v1_genomic_NC_002516.2	4310000	4311000	69
GCF_000006765.1_ASM676v1_genomic_NC_002516.2	4311000	4312000	15
GCF_000006765.1_ASM676v1_genomic_NC_002516.2	4312000	4333000	0
GCF_000006765.1_ASM676v1_genomic_NC_002516.2	4333000	4334000	173
GCF_000006765.1_ASM676v1_genomic_NC_002516.2	4334000	4377000	0
GCF_000006765.1_ASM676v1_genomic_NC_002516.2	4377000	4378000	32
GCF_000006765.1_ASM676v1_genomic_NC_002516.2	4378000	4389000	0
GCF_000006765.1_ASM676v1_genomic_NC_002516.2	4389000	4390000	142
GCF_000006765.1_ASM676v1_genomic_NC_002516.2	4390000	4438000	0
GCF_000006765.1_ASM676v1_genomic_NC_002516.2	4438000	4439000	122
GCF_000006765.1_ASM676v1_genomic_NC_002516.2	4439000	4474000	0
GCF_000006765.1_ASM676v1_genomic_NC_002516.2	4474000	4475000	22
GCF_000006765.1_ASM676v1_genomic_NC_002516.2	4475000	4476000	80
GCF_000006765.1_ASM676v1_genomic_NC_002516.2	4476000	4503000	0
GCF_000006765.1_ASM676v1_genomic_NC_002516.2	4503000	4504000	42
GCF_000006765.1_ASM676v1_genomic_NC_002516.2	4504000	4505000	14
GCF_000006765.1_ASM676v1_genomic_NC_002516.2	4505000	4528000	0
GCF_000006765.1_ASM676v1_genomic_NC_002516.2	4528000	4529000	79
GCF_000006765.1_ASM676v1_genomic_NC_002516.2	4529000	4530000	36
GCF_000006765.1_ASM676v1_genomic_NC_002516.2	4530000	4554000	0
GCF_000006765.1_ASM676v1_genomic_NC_002516.2	4554000	4555000	204
GCF_000006765.1_ASM676v1_genomic_NC_002516.2	4555000	4588000	0
GCF_000006765.1_ASM676v1_genomic_NC_002516.2	4588000	4589000	102
GCF_000006765.1_ASM676v1_genomic_NC_002516.2	4589000	4590000	130
GCF_000006765.1_ASM676v1_genomic_NC_002516.2	4590000	4623000	0
GCF_000006765.1_ASM676v1_genomic_NC_002516.2	4623000	4624000	57
GCF_000006765.1_ASM676v1_genomic_NC_002516.2	4624000	4625000	6
GCF_000006765.1_ASM676v1_genomic_NC_002516.2	4625000	4644000	0
GCF_000006765.1_ASM676v1_genomic_NC_002516.2	4644000	4645000	80
GCF_000006765.1_ASM676v1_genomic_NC_002516.2	4645000	4658000	0
GCF_000006765.1_ASM676v1_genomic_NC_002516.2	4658000	4659000	82
GCF_000006765.1_ASM676v1_genomic_NC_002516.2	4659000	4672000	0
GCF_000006765.1_ASM676v1_genomic_NC_002516.2	4672000	4673000	20
GCF_000006765.1_ASM676v1_genomic_NC_002516.2	4673000	4674000	175
GCF_000006765.1_ASM676v1_genomic_NC_002516.2	4674000	4720000	0
GCF_000006765.1_ASM676v1_genomic_NC_002516.2	4720000	4721000	25
GCF_000006765.1_ASM676v1_genomic_NC_002516.2	4721000	4722000	10
GCF_000006765.1_ASM676v1_genomic_NC_002516.2	4722000	4723000	34
GCF_000006765.1_ASM676v1_genomic_NC_002516.2	4723000	4724000	272
GCF_000006765.1_ASM676v1_genomic_NC_002516.2	4724000	4794000	0
GCF_000006765.1_ASM676v1_genomic_NC_002516.2	4794000	4795000	214
GCF_000006765.1_ASM676v1_genomic_NC_002516.2	4795000	4832000	0
GCF_000006765.1_ASM676v1_genomic_NC_002516.2	4832000	4833000	4
GCF_000006765.1_ASM676v1_genomic_NC_002516.2	4833000	4834000	8
GCF_000006765.1_ASM676v1_genomic_NC_002516.2	4834000	4837000	0
GCF_000006765.1_ASM676v1_genomic_NC_002516.2	4837000	4838000	4
GCF_000006765.1_ASM676v1_genomic_NC_002516.2	4838000	4839000	0
GCF_000006765.1_ASM676v1_genomic_NC_002516.2	4839000	4840000	78
GCF_000006765.1_ASM676v1_genomic_NC_002516.2	4840000	4858000	0
GCF_000006765.1_ASM676v1_genomic_NC_002516.2	4858000	4859000	166
GCF_000006765.1_ASM676v1_genomic_NC_002516.2	4859000	4860000	150
GCF_000006765.1_ASM676v1_genomic_NC_002516.2	4860000	4962000	0
GCF_000006765.1_ASM676v1_genomic_NC_002516.2	4962000	4963000	220
GCF_000006765.1_ASM676v1_genomic_NC_002516.2	4963000	4964000	361
GCF_000006765.1_ASM676v1_genomic_NC_002516.2	4964000	4965000	115
GCF_000006765.1_ASM676v1_genomic_NC_002516.2	4965000	5050000	0
GCF_000006765.1_ASM676v1_genomic_NC_002516.2	5050000	5051000	24
GCF_000006765.1_ASM676v1_genomic_NC_002516.2	5051000	5055000	0
GCF_000006765.1_ASM676v1_genomic_NC_002516.2	5055000	5056000	100
GCF_000006765.1_ASM676v1_genomic_NC_002516.2	5056000	5072000	0
GCF_000006765.1_ASM676v1_genomic_NC_002516.2	5072000	5073000	149
GCF_000006765.1_ASM676v1_genomic_NC_002516.2	5073000	5086000	0
GCF_000006765.1_ASM676v1_genomic_NC_002516.2	5086000	5087000	21
GCF_000006765.1_ASM676v1_genomic_NC_002516.2	5087000	5088000	25
GCF_000006765.1_ASM676v1_genomic_NC_002516.2	5088000	5101000	0
GCF_000006765.1_ASM676v1_genomic_NC_002516.2	5101000	5102000	246
GCF_000006765.1_ASM676v1_genomic_NC_002516.2	5102000	5103000	128
GCF_000006765.1_ASM676v1_genomic_NC_002516.2	5103000	5161000	0
GCF_000006765.1_ASM676v1_genomic_NC_002516.2	5161000	5162000	99
GCF_000006765.1_ASM676v1_genomic_NC_002516.2	5162000	5189000	0
GCF_000006765.1_ASM676v1_genomic_NC_002516.2	5189000	5190000	200
GCF_000006765.1_ASM676v1_genomic_NC_002516.2	5190000	5222000	0
GCF_000006765.1_ASM676v1_genomic_NC_002516.2	5222000	5223000	59
GCF_000006765.1_ASM676v1_genomic_NC_002516.2	5223000	5241000	0
GCF_000006765.1_ASM676v1_genomic_NC_002516.2	5241000	5242000	46
GCF_000006765.1_ASM676v1_genomic_NC_002516.2	5242000	5243000	29
GCF_000006765.1_ASM676v1_genomic_NC_002516.2	5243000	5260000	0
GCF_000006765.1_ASM676v1_genomic_NC_002516.2	5260000	5261000	34
GCF_000006765.1_ASM676v1_genomic_NC_002516.2	5261000	5265000	0
GCF_000006765.1_ASM676v1_genomic_NC_002516.2	5265000	5266000	2
GCF_000006765.1_ASM676v1_genomic_NC_002516.2	5266000	5269000	0
GCF_000006765.1_ASM676v1_genomic_NC_002516.2	5269000	5270000	72
GCF_000006765.1_ASM676v1_genomic_NC_002516.2	5270000	5271000	282
GCF_000006765.1_ASM676v1_genomic_NC_002516.2	5271000	5272000	24
GCF_000006765.1_ASM676v1_genomic_NC_002516.2	5272000	5361000	0
GCF_000006765.1_ASM676v1_genomic_NC_002516.2	5361000	5362000	56
GCF_000006765.1_ASM676v1_genomic_NC_002516.2	5362000	5382000	0
GCF_000006765.1_ASM676v1_genomic_NC_002516.2	5382000	5383000	3
GCF_000006765.1_ASM676v1_genomic_NC_002516.2	5383000	5384000	12
GCF_000006765.1_ASM676v1_genomic_NC_002516.2	5384000	5388000	0
GCF_000006765.1_ASM676v1_genomic_NC_002516.2	5388000	5389000	18
GCF_000006765.1_ASM676v1_genomic_NC_002516.2	5389000	5393000	0
GCF_000006765.1_ASM676v1_genomic_NC_002516.2	5393000	5394000	197
GCF_000006765.1_ASM676v1_genomic_NC_002516.2	5394000	5395000	24
GCF_000006765.1_ASM676v1_genomic_NC_002516.2	5395000	5455000	0
GCF_000006765.1_ASM676v1_genomic_NC_002516.2	5455000	5456000	193
GCF_000006765.1_ASM676v1_genomic_NC_002516.2	5456000	5457000	32
GCF_000006765.1_ASM676v1_genomic_NC_002516.2	5457000	5511000	0
GCF_000006765.1_ASM676v1_genomic_NC_002516.2	5511000	5512000	110
GCF_000006765.1_ASM676v1_genomic_NC_002516.2	5512000	5513000	296
GCF_000006765.1_ASM676v1_genomic_NC_002516.2	5513000	5514000	41
GCF_000006765.1_ASM676v1_genomic_NC_002516.2	5514000	5612000	0
GCF_000006765.1_ASM676v1_genomic_NC_002516.2	5612000	5613000	216
GCF_000006765.1_ASM676v1_genomic_NC_002516.2	5613000	5614000	287
GCF_000006765.1_ASM676v1_genomic_NC_002516.2	5614000	5615000	81
GCF_000006765.1_ASM676v1_genomic_NC_002516.2	5615000	5726000	0
GCF_000006765.1_ASM676v1_genomic_NC_002516.2	5726000	5727000	43
GCF_000006765.1_ASM676v1_genomic_NC_002516.2	5727000	5728000	191
GCF_000006765.1_ASM676v1_genomic_NC_002516.2	5728000	5729000	178
GCF_000006765.1_ASM676v1_genomic_NC_002516.2	5729000	5798000	0
GCF_000006765.1_ASM676v1_genomic_NC_002516.2	5798000	5799000	121
GCF_000006765.1_ASM676v1_genomic_NC_002516.2	5799000	5800000	294
GCF_000006765.1_ASM676v1_genomic_NC_002516.2	5800000	5801000	162
GCF_000006765.1_ASM676v1_genomic_NC_002516.2	5801000	5915000	0
GCF_000006765.1_ASM676v1_genomic_NC_002516.2	5915000	5916000	50
GCF_000006765.1_ASM676v1_genomic_NC_002516.2	5916000	5930000	0
GCF_000006765.1_ASM676v1_genomic_NC_002516.2	5930000	5931000	71
GCF_000006765.1_ASM676v1_genomic_NC_002516.2	5931000	5932000	281
GCF_000006765.1_ASM676v1_genomic_NC_002516.2	5932000	5933000	91
GCF_000006765.1_ASM676v1_genomic_NC_002516.2	5933000	6040000	0
GCF_000006765.1_ASM676v1_genomic_NC_002516.2	6040000	6041000	1
GCF_000006765.1_ASM676v1_genomic_NC_002516.2	6041000	6045000	0
GCF_000006765.1_ASM676v1_genomic_NC_002516.2	6045000	6046000	210
GCF_000006765.1_ASM676v1_genomic_NC_002516.2	6046000	6090000	0
GCF_000006765.1_ASM676v1_genomic_NC_002516.2	6090000	6091000	29
GCF_000006765.1_ASM676v1_genomic_NC_002516.2	6091000	6092000	136
GCF_000006765.1_ASM676v1_genomic_NC_002516.2	6092000	6094000	0
GCF_000006765.1_ASM676v1_genomic_NC_002516.2	6094000	6095000	6
GCF_000006765.1_ASM676v1_genomic_NC_002516.2	6095000	6096000	268
GCF_000006765.1_ASM676v1_genomic_NC_002516.2	6096000	6097000	157
GCF_000006765.1_ASM676v1_genomic_NC_002516.2	6097000	6188000	0
GCF_000006765.1_ASM676v1_genomic_NC_002516.2	6188000	6189000	118
GCF_000006765.1_ASM676v1_genomic_NC_002516.2	6189000	6209000	0
GCF_000006765.1_ASM676v1_genomic_NC_002516.2	6209000	6210000	151
GCF_000006765.1_ASM676v1_genomic_NC_002516.2	6210000	6211000	31
GCF_000006765.1_ASM676v1_genomic_NC_002516.2	6211000	6241000	0
GCF_000006765.1_ASM676v1_genomic_NC_002516.2	6241000	6242000	68
GCF_000006765.1_ASM676v1_genomic_NC_002516.2	6242000	6243000	42
GCF_000006765.1_ASM676v1_genomic_NC_002516.2	6243000	6265000	0
