NC_000964.3_NC_000964.3	0	35000	0
NC_000964.3_NC_000964.3	35000	36000	1
NC_000964.3_NC_000964.3	36000	101000	0
NC_000964.3_NC_000964.3	101000	102000	1
NC_000964.3_NC_000964.3	102000	176000	0
NC_000964.3_NC_000964.3	176000	177000	4
NC_000964.3_NC_000964.3	177000	260000	0
NC_000964.3_NC_000964.3	260000	261000	43
NC_000964.3_NC_000964.3	261000	637000	0
NC_000964.3_NC_000964.3	637000	638000	1
NC_000964.3_NC_000964.3	638000	640000	0
NC_000964.3_NC_000964.3	640000	641000	2
NC_000964.3_NC_000964.3	641000	951000	0
NC_000964.3_NC_000964.3	951000	952000	12
NC_000964.3_NC_000964.3	952000	953000	87
NC_000964.3_NC_000964.3	953000	2286000	0
NC_000964.3_NC_000964.3	2286000	2287000	25
NC_000964.3_NC_000964.3	2287000	3178000	0
NC_000964.3_NC_000964.3	3178000	3179000	36
NC_000964.3_NC_000964.3	3179000	17819000	0
GCF_000006765.1_ASM676v1_genomic_NC_002516.2	0	1000	173
GCF_000006765.1_ASM676v1_genomic_NC_002516.2	1000	44000	0
GCF_000006765.1_ASM676v1_genomic_NC_002516.2	44000	45000	6
GCF_000006765.1_ASM676v1_genomic_NC_002516.2	45000	46000	34
GCF_000006765.1_ASM676v1_genomic_NC_002516.2	46000	48000	0
GCF_000006765.1_ASM676v1_genomic_NC_002516.2	48000	49000	39
GCF_000006765.1_ASM676v1_genomic_NC_002516.2	49000	54000	0
GCF_000006765.1_ASM676v1_genomic_NC_002516.2	54000	55000	8
GCF_000006765.1_ASM676v1_genomic_NC_002516.2	55000	56000	0
GCF_000006765.1_ASM676v1_genomic_NC_002516.2	56000	57000	105
GCF_000006765.1_ASM676v1_genomic_NC_002516.2	57000	69000	0
GCF_000006765.1_ASM676v1_genomic_NC_002516.2	69000	70000	122
GCF_000006765.1_ASM676v1_genomic_NC_002516.2	70000	71000	43
GCF_000006765.1_ASM676v1_genomic_NC_002516.2	71000	112000	0
GCF_000006765.1_ASM676v1_genomic_NC_002516.2	112000	113000	171
GCF_000006765.1_ASM676v1_genomic_NC_002516.2	113000	114000	186
GCF_000006765.1_ASM676v1_genomic_NC_002516.2	114000	192000	0
GCF_000006765.1_ASM676v1_genomic_NC_002516.2	192000	193000	120
GCF_000006765.1_ASM676v1_genomic_NC_002516.2	193000	237000	0
GCF_000006765.1_ASM676v1_genomic_NC_002516.2	237000	238000	10
GCF_000006765.1_ASM676v1_genomic_NC_002516.2	238000	239000	0
GCF_000006765.1_ASM676v1_genomic_NC_002516.2	239000	240000	57
GCF_000006765.1_ASM676v1_genomic_NC_002516.2	240000	260000	0
GCF_000006765.1_ASM676v1_genomic_NC_002516.2	260000	261000	14
GCF_000006765.1_ASM676v1_genomic_NC_002516.2	261000	264000	0
GCF_000006765.1_ASM676v1_genomic_NC_002516.2	264000	265000	43
GCF_000006765.1_ASM676v1_genomic_NC_002516.2	265000	266000	79
GCF_000006765.1_ASM676v1_genomic_NC_002516.2	266000	286000	0
GCF_000006765.1_ASM676v1_genomic_NC_002516.2	286000	287000	30
GCF_000006765.1_ASM676v1_genomic_NC_002516.2	287000	294000	0
GCF_000006765.1_ASM676v1_genomic_NC_002516.2	294000	295000	15
GCF_000006765.1_ASM676v1_genomic_NC_002516.2	295000	297000	0
GCF_000006765.1_ASM676v1_genomic_NC_002516.2	297000	298000	65
GCF_000006765.1_ASM676v1_genomic_NC_002516.2	298000	299000	167
GCF_000006765.1_ASM676v1_genomic_NC_002516.2	299000	334000	0
GCF_000006765.1_ASM676v1_genomic_NC_002516.2	334000	335000	105
GCF_000006765.1_ASM676v1_genomic_NC_002516.2	335000	370000	0
GCF_000006765.1_ASM676v1_genomic_NC_002516.2	370000	371000	84
GCF_000006765.1_ASM676v1_genomic_NC_002516.2	371000	372000	268
GCF_000006765.1_ASM676v1_genomic_NC_002516.2	372000	373000	108
GCF_000006765.1_ASM676v1_genomic_NC_002516.2	373000	501000	0
GCF_000006765.1_ASM676v1_genomic_NC_002516.2	501000	502000	87
GCF_000006765.1_ASM676v1_genomic_NC_002516.2	502000	516000	0
GCF_000006765.1_ASM676v1_genomic_NC_002516.2	516000	517000	42
GCF_000006765.1_ASM676v1_genomic_NC_002516.2	517000	521000	0
GCF_000006765.1_ASM676v1_genomic_NC_002516.2	521000	522000	135
GCF_000006765.1_ASM676v1_genomic_NC_002516.2	522000	523000	117
GCF_000006765.1_ASM676v1_genomic_NC_002516.2	523000	558000	0
GCF_000006765.1_ASM676v1_genomic_NC_002516.2	558000	559000	37
GCF_000006765.1_ASM676v1_genomic_NC_002516.2	559000	567000	0
GCF_000006765.1_ASM676v1_genomic_NC_002516.2	567000	568000	21
GCF_000006765.1_ASM676v1_genomic_NC_002516.2	568000	569000	224
GCF_000006765.1_ASM676v1_genomic_NC_002516.2	569000	630000	0
GCF_000006765.1_ASM676v1_genomic_NC_002516.2	630000	631000	146
GCF_000006765.1_ASM676v1_genomic_NC_002516.2	631000	655000	0
GCF_000006765.1_ASM676v1_genomic_NC_002516.2	655000	656000	19
GCF_000006765.1_ASM676v1_genomic_NC_002516.2	656000	657000	105
GCF_000006765.1_ASM676v1_genomic_NC_002516.2	657000	681000	0
GCF_000006765.1_ASM676v1_genomic_NC_002516.2	681000	682000	55
GCF_000006765.1_ASM676v1_genomic_NC_002516.2	682000	703000	0
GCF_000006765.1_ASM676v1_genomic_NC_002516.2	703000	704000	128
GCF_000006765.1_ASM676v1_genomic_NC_002516.2	704000	723000	0
GCF_000006765.1_ASM676v1_genomic_NC_002516.2	723000	724000	2
GCF_000006765.1_ASM676v1_genomic_NC_002516.2	724000	727000	0
GCF_000006765.1_ASM676v1_genomic_NC_002516.2	727000	728000	229
GCF_000006765.1_ASM676v1_genomic_NC_002516.2	728000	729000	146
GCF_000006765.1_ASM676v1_genomic_NC_002516.2	729000	789000	0
GCF_000006765.1_ASM676v1_genomic_NC_002516.2	789000	790000	27
GCF_000006765.1_ASM676v1_genomic_NC_002516.2	790000	794000	0
GCF_000006765.1_ASM676v1_genomic_NC_002516.2	794000	795000	177
GCF_000006765.1_ASM676v1_genomic_NC_002516.2	795000	796000	18
GCF_000006765.1_ASM676v1_genomic_NC_002516.2	796000	821000	0
GCF_000006765.1_ASM676v1_genomic_NC_002516.2	821000	822000	35
GCF_000006765.1_ASM676v1_genomic_NC_002516.2	822000	823000	272
GCF_000006765.1_ASM676v1_genomic_NC_002516.2	823000	901000	0
GCF_000006765.1_ASM676v1_genomic_NC_002516.2	901000	902000	147
GCF_000006765.1_ASM676v1_genomic_NC_002516.2	902000	903000	52
GCF_000006765.1_ASM676v1_genomic_NC_002516.2	903000	950000	0
GCF_000006765.1_ASM676v1_genomic_NC_002516.2	950000	951000	43
GCF_000006765.1_ASM676v1_genomic_NC_002516.2	951000	952000	102
GCF_000006765.1_ASM676v1_genomic_NC_002516.2	952000	991000	0
GCF_000006765.1_ASM676v1_genomic_NC_002516.2	991000	992000	43
GCF_000006765.1_ASM676v1_genomic_NC_002516.2	992000	999000	0
GCF_000006765.1_ASM676v1_genomic_NC_002516.2	999000	1000000	79
GCF_000006765.1_ASM676v1_genomic_NC_002516.2	1000000	1001000	192
GCF_000006765.1_ASM676v1_genomic_NC_002516.2	1001000	1060000	0
GCF_000006765.1_ASM676v1_genomic_NC_002516.2	1060000	1061000	46
GCF_000006765.1_ASM676v1_genomic_NC_002516.2	1061000	1062000	7
GCF_000006765.1_ASM676v1_genomic_NC_002516.2	1062000	1063000	39
GCF_000006765.1_ASM676v1_genomic_NC_002516.2	1063000	1064000	0
GCF_000006765.1_ASM676v1_genomic_NC_002516.2	1064000	1065000	62
GCF_000006765.1_ASM676v1_genomic_NC_002516.2	1065000	1066000	21
GCF_000006765.1_ASM676v1_genomic_NC_002516.2	1066000	1069000	0
GCF_000006765.1_ASM676v1_genomic_NC_002516.2	1069000	1070000	205
GCF_000006765.1_ASM676v1_genomic_NC_002516.2	1070000	1071000	52
GCF_000006765.1_ASM676v1_genomic_NC_002516.2	1071000	1096000	0
GCF_000006765.1_ASM676v1_genomic_NC_002516.2	1096000	1097000	18
GCF_000006765.1_ASM676v1_genomic_NC_002516.2	1097000	1098000	311
GCF_000006765.1_ASM676v1_genomic_NC_002516.2	1098000	1099000	365
GCF_000006765.1_ASM676v1_genomic_NC_002516.2	1099000	1100000	52
GCF_000006765.1_ASM676v1_genomic_NC_002516.2	1100000	1187000	0
GCF_000006765.1_ASM676v1_genomic_NC_002516.2	1187000	1188000	215
GCF_000006765.1_ASM676v1_genomic_NC_002516.2	1188000	1189000	110
GCF_000006765.1_ASM676v1_genomic_NC_002516.2	1189000	1242000	0
GCF_000006765.1_ASM676v1_genomic_NC_002516.2	1242000	1243000	15
GCF_000006765.1_ASM676v1_genomic_NC_002516.2	1243000	1244000	0
GCF_000006765.1_ASM676v1_genomic_NC_002516.2	1244000	1245000	19
GCF_000006765.1_ASM676v1_genomic_NC_002516.2	1245000	1247000	0
GCF_000006765.1_ASM676v1_genomic_NC_002516.2	1247000	1248000	9
GCF_000006765.1_ASM676v1_genomic_NC_002516.2	1248000	1249000	285
GCF_000006765.1_ASM676v1_genomic_NC_002516.2	1249000	1250000	58
GCF_000006765.1_ASM676v1_genomic_NC_002516.2	1250000	1316000	0
GCF_000006765.1_ASM676v1_genomic_NC_002516.2	1316000	1317000	27
GCF_000006765.1_ASM676v1_genomic_NC_002516.2	1317000	1318000	71
GCF_000006765.1_ASM676v1_genomic_NC_002516.2	1318000	1335000	0
GCF_000006765.1_ASM676v1_genomic_NC_002516.2	1335000	1336000	21
GCF_000006765.1_ASM676v1_genomic_NC_002516.2	1336000	1343000	0
GCF_000006765.1_ASM676v1_genomic_NC_002516.2	1343000	1344000	69
GCF_000006765.1_ASM676v1_genomic_NC_002516.2	1344000	1358000	0
GCF_000006765.1_ASM676v1_genomic_NC_002516.2	1358000	1359000	4
GCF_000006765.1_ASM676v1_genomic_NC_002516.2	1359000	1360000	22
GCF_000006765.1_ASM676v1_genomic_NC_002516.2	1360000	1363000	0
GCF_000006765.1_ASM676v1_genomic_NC_002516.2	1363000	1364000	12
GCF_000006765.1_ASM676v1_genomic_NC_002516.2	1364000	1365000	0
GCF_000006765.1_ASM676v1_genomic_NC_002516.2	1365000	1366000	6
GCF_000006765.1_ASM676v1_genomic_NC_002516.2	1366000	1367000	28
GCF_000006765.1_ASM676v1_genomic_NC_002516.2	1367000	1368000	100
GCF_000006765.1_ASM676v1_genomic_NC_002516.2	1368000	1388000	0
GCF_000006765.1_ASM676v1_genomic_NC_002516.2	1388000	1389000	11
GCF_000006765.1_ASM676v1_genomic_NC_002516.2	1389000	1390000	0
GCF_000006765.1_ASM676v1_genomic_NC_002516.2	1390000	1391000	218
GCF_000006765.1_ASM676v1_genomic_NC_002516.2	1391000	1392000	154
GCF_000006765.1_ASM676v1_genomic_NC_002516.2	1392000	1489000	0
GCF_000006765.1_ASM676v1_genomic_NC_002516.2	1489000	1490000	68
GCF_000006765.1_ASM676v1_genomic_NC_002516.2	1490000	1495000	0
GCF_000006765.1_ASM676v1_genomic_NC_002516.2	1495000	1496000	9
GCF_000006765.1_ASM676v1_genomic_NC_002516.2	1496000	1497000	306
GCF_000006765.1_ASM676v1_genomic_NC_002516.2	1497000	1498000	219
GCF_000006765.1_ASM676v1_genomic_NC_002516.2	1498000	1600000	0
GCF_000006765.1_ASM676v1_genomic_NC_002516.2	1600000	1601000	17
GCF_000006765.1_ASM676v1_genomic_NC_002516.2	1601000	1603000	0
GCF_000006765.1_ASM676v1_genomic_NC_002516.2	1603000	1604000	115
GCF_000006765.1_ASM676v1_genomic_NC_002516.2	1604000	1605000	166
GCF_000006765.1_ASM676v1_genomic_NC_002516.2	1605000	1645000	0
GCF_000006765.1_ASM676v1_genomic_NC_002516.2	1645000	1646000	199
GCF_000006765.1_ASM676v1_genomic_NC_002516.2	1646000	1691000	0
GCF_000006765.1_ASM676v1_genomic_NC_002516.2	1691000	1692000	84
GCF_000006765.1_ASM676v1_genomic_NC_002516.2	1692000	1693000	294
GCF_000006765.1_ASM676v1_genomic_NC_002516.2	1693000	1694000	184
GCF_000006765.1_ASM676v1_genomic_NC_002516.2	1694000	1790000	0
GCF_000006765.1_ASM676v1_genomic_NC_002516.2	1790000	1791000	236
GCF_000006765.1_ASM676v1_genomic_NC_002516.2	1791000	1792000	294
GCF_000006765.1_ASM676v1_genomic_NC_002516.2	1792000	1793000	10
GCF_000006765.1_ASM676v1_genomic_NC_002516.2	1793000	1882000	0
GCF_000006765.1_ASM676v1_genomic_NC_002516.2	1882000	1883000	166
GCF_000006765.1_ASM676v1_genomic_NC_002516.2	1883000	1884000	287
GCF_000006765.1_ASM676v1_genomic_NC_002516.2	1884000	1885000	290
GCF_000006765.1_ASM676v1_genomic_NC_002516.2	1885000	1886000	76
GCF_000006765.1_ASM676v1_genomic_NC_002516.2	1886000	2037000	0
GCF_000006765.1_ASM676v1_genomic_NC_002516.2	2037000	2038000	4
GCF_000006765.1_ASM676v1_genomic_NC_002516.2	2038000	2039000	39
GCF_000006765.1_ASM676v1_genomic_NC_002516.2	2039000	2040000	0
GCF_000006765.1_ASM676v1_genomic_NC_002516.2	2040000	2041000	52
GCF_000006765.1_ASM676v1_genomic_NC_002516.2	2041000	2042000	114
GCF_000006765.1_ASM676v1_genomic_NC_002516.2	2042000	2043000	9
GCF_000006765.1_ASM676v1_genomic_NC_002516.2	2043000	2070000	0
GCF_000006765.1_ASM676v1_genomic_NC_002516.2	2070000	2071000	16
GCF_000006765.1_ASM676v1_genomic_NC_002516.2	2071000	2073000	0
GCF_000006765.1_ASM676v1_genomic_NC_002516.2	2073000	2074000	17
GCF_000006765.1_ASM676v1_genomic_NC_002516.2	2074000	2076000	0
GCF_000006765.1_ASM676v1_genomic_NC_002516.2	2076000	2077000	14
GCF_000006765.1_ASM676v1_genomic_NC_002516.2	2077000	2078000	239
GCF_000006765.1_ASM676v1_genomic_NC_002516.2	2078000	2118000	0
GCF_000006765.1_ASM676v1_genomic_NC_002516.2	2118000	2119000	29
GCF_000006765.1_ASM676v1_genomic_NC_002516.2	2119000	2122000	0
GCF_000006765.1_ASM676v1_genomic_NC_002516.2	2122000	2123000	149
GCF_000006765.1_ASM676v1_genomic_NC_002516.2	2123000	2124000	140
GCF_000006765.1_ASM676v1_genomic_NC_002516.2	2124000	2170000	0
GCF_000006765.1_ASM676v1_genomic_NC_002516.2	2170000	2171000	9
GCF_000006765.1_ASM676v1_genomic_NC_002516.2	2171000	2174000	0
GCF_000006765.1_ASM676v1_genomic_NC_002516.2	2174000	2175000	42
GCF_000006765.1_ASM676v1_genomic_NC_002516.2	2175000	2186000	0
GCF_000006765.1_ASM676v1_genomic_NC_002516.2	2186000	2187000	14
GCF_000006765.1_ASM676v1_genomic_NC_002516.2	2187000	2188000	147
GCF_000006765.1_ASM676v1_genomic_NC_002516.2	2188000	2229000	0
GCF_000006765.1_ASM676v1_genomic_NC_002516.2	2229000	2230000	40
GCF_000006765.1_ASM676v1_genomic_NC_002516.2	2230000	2231000	0
GCF_000006765.1_ASM676v1_genomic_NC_002516.2	2231000	2232000	10
GCF_000006765.1_ASM676v1_genomic_NC_002516.2	2232000	2233000	137
GCF_000006765.1_ASM676v1_genomic_NC_002516.2	2233000	2259000	0
GCF_000006765.1_ASM676v1_genomic_NC_002516.2	2259000	2260000	8
GCF_000006765.1_ASM676v1_genomic_NC_002516.2	2260000	2261000	0
GCF_000006765.1_ASM676v1_genomic_NC_002516.2	2261000	2262000	32
GCF_000006765.1_ASM676v1_genomic_NC_002516.2	2262000	2265000	0
GCF_000006765.1_ASM676v1_genomic_NC_002516.2	2265000	2266000	62
GCF_000006765.1_ASM676v1_genomic_NC_002516.2	2266000	2279000	0
GCF_000006765.1_ASM676v1_genomic_NC_002516.2	2279000	2280000	46
GCF_000006765.1_ASM676v1_genomic_NC_002516.2	2280000	2281000	64
GCF_000006765.1_ASM676v1_genomic_NC_002516.2	2281000	2304000	0
GCF_000006765.1_ASM676v1_genomic_NC_002516.2	2304000	2305000	8
GCF_000006765.1_ASM676v1_genomic_NC_002516.2	2305000	2306000	0
GCF_000006765.1_ASM676v1_genomic_NC_002516.2	2306000	2307000	52
GCF_000006765.1_ASM676v1_genomic_NC_002516.2	2307000	2318000	0
GCF_000006765.1_ASM676v1_genomic_NC_002516.2	2318000	2319000	181
GCF_000006765.1_ASM676v1_genomic_NC_002516.2	2319000	2348000	0
GCF_000006765.1_ASM676v1_genomic_NC_002516.2	2348000	2349000	21
GCF_000006765.1_ASM676v1_genomic_NC_002516.2	2349000	2350000	45
GCF_000006765.1_ASM676v1_genomic_NC_002516.2	2350000	2368000	0
GCF_000006765.1_ASM676v1_genomic_NC_002516.2	2368000	2369000	5
GCF_000006765.1_ASM676v1_genomic_NC_002516.2	2369000	2370000	6
GCF_000006765.1_ASM676v1_genomic_NC_002516.2	2370000	2372000	0
GCF_000006765.1_ASM676v1_genomic_NC_002516.2	2372000	2373000	1
GCF_000006765.1_ASM676v1_genomic_NC_002516.2	2373000	2374000	3
GCF_000006765.1_ASM676v1_genomic_NC_002516.2	2374000	2375000	13
GCF_000006765.1_ASM676v1_genomic_NC_002516.2	2375000	2376000	2
GCF_000006765.1_ASM676v1_genomic_NC_002516.2	2376000	2377000	0
GCF_000006765.1_ASM676v1_genomic_NC_002516.2	2377000	2378000	253
GCF_000006765.1_ASM676v1_genomic_NC_002516.2	2378000	2379000	6
GCF_000006765.1_ASM676v1_genomic_NC_002516.2	2379000	2451000	0
GCF_000006765.1_ASM676v1_genomic_NC_002516.2	2451000	2452000	109
GCF_000006765.1_ASM676v1_genomic_NC_002516.2	2452000	2453000	26
GCF_000006765.1_ASM676v1_genomic_NC_002516.2	2453000	2486000	0
GCF_000006765.1_ASM676v1_genomic_NC_002516.2	2486000	2487000	69
GCF_000006765.1_ASM676v1_genomic_NC_002516.2	2487000	2505000	0
GCF_000006765.1_ASM676v1_genomic_NC_002516.2	2505000	2506000	24
GCF_000006765.1_ASM676v1_genomic_NC_002516.2	2506000	2514000	0
GCF_000006765.1_ASM676v1_genomic_NC_002516.2	2514000	2515000	2
GCF_000006765.1_ASM676v1_genomic_NC_002516.2	2515000	2516000	19
GCF_000006765.1_ASM676v1_genomic_NC_002516.2	2516000	2517000	2
GCF_000006765.1_ASM676v1_genomic_NC_002516.2	2517000	2518000	11
GCF_000006765.1_ASM676v1_genomic_NC_002516.2	2518000	2519000	0
GCF_000006765.1_ASM676v1_genomic_NC_002516.2	2519000	2520000	1
GCF_000006765.1_ASM676v1_genomic_NC_002516.2	2520000	2522000	0
GCF_000006765.1_ASM676v1_genomic_NC_002516.2	2522000	2523000	13
GCF_000006765.1_ASM676v1_genomic_NC_002516.2	2523000	2524000	0
GCF_000006765.1_ASM676v1_genomic_NC_002516.2	2524000	2525000	23
GCF_000006765.1_ASM676v1_genomic_NC_002516.2	2525000	2531000	0
GCF_000006765.1_ASM676v1_genomic_NC_002516.2	2531000	2532000	4
GCF_000006765.1_ASM676v1_genomic_NC_002516.2	2532000	2533000	0
GCF_000006765.1_ASM676v1_genomic_NC_002516.2	2533000	2534000	187
GCF_000006765.1_ASM676v1_genomic_NC_002516.2	2534000	2558000	0
GCF_000006765.1_ASM676v1_genomic_NC_002516.2	2558000	2559000	27
GCF_000006765.1_ASM676v1_genomic_NC_002516.2	2559000	2560000	14
GCF_000006765.1_ASM676v1_genomic_NC_002516.2	2560000	2568000	0
GCF_000006765.1_ASM676v1_genomic_NC_002516.2	2568000	2569000	8
GCF_000006765.1_ASM676v1_genomic_NC_002516.2	2569000	2570000	0
GCF_000006765.1_ASM676v1_genomic_NC_002516.2	2570000	2571000	73
GCF_000006765.1_ASM676v1_genomic_NC_002516.2	2571000	2596000	0
GCF_000006765.1_ASM676v1_genomic_NC_002516.2	2596000	2597000	5
GCF_000006765.1_ASM676v1_genomic_NC_002516.2	2597000	2598000	5
GCF_000006765.1_ASM676v1_genomic_NC_002516.2	2598000	2599000	0
GCF_000006765.1_ASM676v1_genomic_NC_002516.2	2599000	2600000	16
GCF_000006765.1_ASM676v1_genomic_NC_002516.2	2600000	2601000	0
GCF_000006765.1_ASM676v1_genomic_NC_002516.2	2601000	2602000	49
GCF_000006765.1_ASM676v1_genomic_NC_002516.2	2602000	2616000	0
GCF_000006765.1_ASM676v1_genomic_NC_002516.2	2616000	2617000	8
GCF_000006765.1_ASM676v1_genomic_NC_002516.2	2617000	2618000	272
GCF_000006765.1_ASM676v1_genomic_NC_002516.2	2618000	2641000	0
GCF_000006765.1_ASM676v1_genomic_NC_002516.2	2641000	2642000	164
GCF_000006765.1_ASM676v1_genomic_NC_002516.2	2642000	2648000	0
GCF_000006765.1_ASM676v1_genomic_NC_002516.2	2648000	2649000	260
GCF_000006765.1_ASM676v1_genomic_NC_002516.2	2649000	2672000	0
GCF_000006765.1_ASM676v1_genomic_NC_002516.2	2672000	2673000	119
GCF_000006765.1_ASM676v1_genomic_NC_002516.2	2673000	2682000	0
GCF_000006765.1_ASM676v1_genomic_NC_002516.2	2682000	2683000	15
GCF_000006765.1_ASM676v1_genomic_NC_002516.2	2683000	2684000	0
GCF_000006765.1_ASM676v1_genomic_NC_002516.2	2684000	2685000	20
GCF_000006765.1_ASM676v1_genomic_NC_002516.2	2685000	2686000	162
GCF_000006765.1_ASM676v1_genomic_NC_002516.2	2686000	2687000	107
GCF_000006765.1_ASM676v1_genomic_NC_002516.2	2687000	2707000	0
GCF_000006765.1_ASM676v1_genomic_NC_002516.2	2707000	2708000	97
GCF_000006765.1_ASM676v1_genomic_NC_002516.2	2708000	2723000	0
GCF_000006765.1_ASM676v1_genomic_NC_002516.2	2723000	2724000	131
GCF_000006765.1_ASM676v1_genomic_NC_002516.2	2724000	2743000	0
GCF_000006765.1_ASM676v1_genomic_NC_002516.2	2743000	2744000	93
GCF_000006765.1_ASM676v1_genomic_NC_002516.2	2744000	2757000	0
GCF_000006765.1_ASM676v1_genomic_NC_002516.2	2757000	2758000	21
GCF_000006765.1_ASM676v1_genomic_NC_002516.2	2758000	2759000	0
GCF_000006765.1_ASM676v1_genomic_NC_002516.2	2759000	2760000	10
GCF_000006765.1_ASM676v1_genomic_NC_002516.2	2760000	2761000	0
GCF_000006765.1_ASM676v1_genomic_NC_002516.2	2761000	2762000	28
GCF_000006765.1_ASM676v1_genomic_NC_002516.2	2762000	2763000	69
GCF_000006765.1_ASM676v1_genomic_NC_002516.2	2763000	2770000	0
GCF_000006765.1_ASM676v1_genomic_NC_002516.2	2770000	2771000	11
GCF_000006765.1_ASM676v1_genomic_NC_002516.2	2771000	2772000	15
GCF_000006765.1_ASM676v1_genomic_NC_002516.2	2772000	2777000	0
GCF_000006765.1_ASM676v1_genomic_NC_002516.2	2777000	2778000	27
GCF_000006765.1_ASM676v1_genomic_NC_002516.2	2778000	2780000	0
GCF_000006765.1_ASM676v1_genomic_NC_002516.2	2780000	2781000	120
GCF_000006765.1_ASM676v1_genomic_NC_002516.2	2781000	2803000	0
GCF_000006765.1_ASM676v1_genomic_NC_002516.2	2803000	2804000	43
GCF_000006765.1_ASM676v1_genomic_NC_002516.2	2804000	2817000	0
GCF_000006765.1_ASM676v1_genomic_NC_002516.2	2817000	2818000	4
GCF_000006765.1_ASM676v1_genomic_NC_002516.2	2818000	2820000	0
GCF_000006765.1_ASM676v1_genomic_NC_002516.2	2820000	2821000	39
GCF_000006765.1_ASM676v1_genomic_NC_002516.2	2821000	2822000	19
GCF_000006765.1_ASM676v1_genomic_NC_002516.2	2822000	2832000	0
GCF_000006765.1_ASM676v1_genomic_NC_002516.2	2832000	2833000	81
GCF_000006765.1_ASM676v1_genomic_NC_002516.2	2833000	2850000	0
GCF_000006765.1_ASM676v1_genomic_NC_002516.2	2850000	2851000	1
GCF_000006765.1_ASM676v1_genomic_NC_002516.2	2851000	2852000	216
GCF_000006765.1_ASM676v1_genomic_NC_002516.2	2852000	2853000	156
GCF_000006765.1_ASM676v1_genomic_NC_002516.2	2853000	2936000	0
GCF_000006765.1_ASM676v1_genomic_NC_002516.2	2936000	2937000	32
GCF_000006765.1_ASM676v1_genomic_NC_002516.2	2937000	2947000	0
GCF_000006765.1_ASM676v1_genomic_NC_002516.2	2947000	2948000	105
GCF_000006765.1_ASM676v1_genomic_NC_002516.2	2948000	2949000	243
GCF_000006765.1_ASM676v1_genomic_NC_002516.2	2949000	3043000	0
GCF_000006765.1_ASM676v1_genomic_NC_002516.2	3043000	3044000	3
GCF_000006765.1_ASM676v1_genomic_NC_002516.2	3044000	3045000	42
GCF_000006765.1_ASM676v1_genomic_NC_002516.2	3045000	3046000	191
GCF_000006765.1_ASM676v1_genomic_NC_002516.2	3046000	3087000	0
GCF_000006765.1_ASM676v1_genomic_NC_002516.2	3087000	3088000	7
GCF_000006765.1_ASM676v1_genomic_NC_002516.2	3088000	3099000	0
GCF_000006765.1_ASM676v1_genomic_NC_002516.2	3099000	3100000	211
GCF_000006765.1_ASM676v1_genomic_NC_002516.2	3100000	3101000	99
GCF_000006765.1_ASM676v1_genomic_NC_002516.2	3101000	3148000	0
GCF_000006765.1_ASM676v1_genomic_NC_002516.2	3148000	3149000	128
GCF_000006765.1_ASM676v1_genomic_NC_002516.2	3149000	3173000	0
GCF_000006765.1_ASM676v1_genomic_NC_002516.2	3173000	3174000	41
GCF_000006765.1_ASM676v1_genomic_NC_002516.2	3174000	3175000	210
GCF_000006765.1_ASM676v1_genomic_NC_002516.2	3175000	3237000	0
GCF_000006765.1_ASM676v1_genomic_NC_002516.2	3237000	3238000	40
GCF_000006765.1_ASM676v1_genomic_NC_002516.2	3238000	3240000	0
GCF_000006765.1_ASM676v1_genomic_NC_002516.2	3240000	3241000	7
GCF_000006765.1_ASM676v1_genomic_NC_002516.2	3241000	3244000	0
GCF_000006765.1_ASM676v1_genomic_NC_002516.2	3244000	3245000	15
GCF_000006765.1_ASM676v1_genomic_NC_002516.2	3245000	3246000	0
GCF_000006765.1_ASM676v1_genomic_NC_002516.2	3246000	3247000	49
GCF_000006765.1_ASM676v1_genomic_NC_002516.2	3247000	3259000	0
GCF_000006765.1_ASM676v1_genomic_NC_002516.2	3259000	3260000	81
GCF_000006765.1_ASM676v1_genomic_NC_002516.2	3260000	3275000	0
GCF_000006765.1_ASM676v1_genomic_NC_002516.2	3275000	3276000	267
GCF_000006765.1_ASM676v1_genomic_NC_002516.2	3276000	3277000	279
GCF_000006765.1_ASM676v1_genomic_NC_002516.2	3277000	3278000	64
GCF_000006765.1_ASM676v1_genomic_NC_002516.2	3278000	3427000	0
GCF_000006765.1_ASM676v1_genomic_NC_002516.2	3427000	3428000	70
GCF_000006765.1_ASM676v1_genomic_NC_002516.2	3428000	3429000	116
GCF_000006765.1_ASM676v1_genomic_NC_002516.2	3429000	3475000	0
GCF_000006765.1_ASM676v1_genomic_NC_002516.2	3475000	3476000	99
GCF_000006765.1_ASM676v1_genomic_NC_002516.2	3476000	3477000	95
GCF_000006765.1_ASM676v1_genomic_NC_002516.2	3477000	3547000	0
GCF_000006765.1_ASM676v1_genomic_NC_002516.2	3547000	3548000	89
GCF_000006765.1_ASM676v1_genomic_NC_002516.2	3548000	3549000	28
GCF_000006765.1_ASM676v1_genomic_NC_002516.2	3549000	3577000	0
GCF_000006765.1_ASM676v1_genomic_NC_002516.2	3577000	3578000	101
GCF_000006765.1_ASM676v1_genomic_NC_002516.2	3578000	3618000	0
GCF_000006765.1_ASM676v1_genomic_NC_002516.2	3618000	3619000	107
GCF_000006765.1_ASM676v1_genomic_NC_002516.2	3619000	3620000	128
GCF_000006765.1_ASM676v1_genomic_NC_002516.2	3620000	3672000	0
GCF_000006765.1_ASM676v1_genomic_NC_002516.2	3672000	3673000	123
GCF_000006765.1_ASM676v1_genomic_NC_002516.2	3673000	3684000	0
GCF_000006765.1_ASM676v1_genomic_NC_002516.2	3684000	3685000	131
GCF_000006765.1_ASM676v1_genomic_NC_002516.2	3685000	3686000	96
GCF_000006765.1_ASM676v1_genomic_NC_002516.2	3686000	3737000	0
GCF_000006765.1_ASM676v1_genomic_NC_002516.2	3737000	3738000	8
GCF_000006765.1_ASM676v1_genomic_NC_002516.2	3738000	3742000	0
GCF_000006765.1_ASM676v1_genomic_NC_002516.2	3742000	3743000	5
GCF_000006765.1_ASM676v1_genomic_NC_002516.2	3743000	3746000	0
GCF_000006765.1_ASM676v1_genomic_NC_002516.2	3746000	3747000	88
GCF_000006765.1_ASM676v1_genomic_NC_002516.2	3747000	3748000	30
GCF_000006765.1_ASM676v1_genomic_NC_002516.2	3748000	3778000	0
GCF_000006765.1_ASM676v1_genomic_NC_002516.2	3778000	3779000	104
GCF_000006765.1_ASM676v1_genomic_NC_002516.2	3779000	3780000	115
GCF_000006765.1_ASM676v1_genomic_NC_002516.2	3780000	3812000	0
GCF_000006765.1_ASM676v1_genomic_NC_002516.2	3812000	3813000	24
GCF_000006765.1_ASM676v1_genomic_NC_002516.2	3813000	3817000	0
GCF_000006765.1_ASM676v1_genomic_NC_002516.2	3817000	3818000	45
GCF_000006765.1_ASM676v1_genomic_NC_002516.2	3818000	3819000	89
GCF_000006765.1_ASM676v1_genomic_NC_002516.2	3819000	3843000	0
GCF_000006765.1_ASM676v1_genomic_NC_002516.2	3843000	3844000	120
GCF_000006765.1_ASM676v1_genomic_NC_002516.2	3844000	3845000	45
GCF_000006765.1_ASM676v1_genomic_NC_002516.2	3845000	3874000	0
GCF_000006765.1_ASM676v1_genomic_NC_002516.2	3874000	3875000	27
GCF_000006765.1_ASM676v1_genomic_NC_002516.2	3875000	3881000	0
GCF_000006765.1_ASM676v1_genomic_NC_002516.2	3881000	3882000	73
GCF_000006765.1_ASM676v1_genomic_NC_002516.2	3882000	3907000	0
GCF_000006765.1_ASM676v1_genomic_NC_002516.2	3907000	3908000	23
GCF_000006765.1_ASM676v1_genomic_NC_002516.2	3908000	3931000	0
GCF_000006765.1_ASM676v1_genomic_NC_002516.2	3931000	3932000	45
GCF_000006765.1_ASM676v1_genomic_NC_002516.2	3932000	3933000	116
GCF_000006765.1_ASM676v1_genomic_NC_002516.2	3933000	3984000	0
GCF_000006765.1_ASM676v1_genomic_NC_002516.2	3984000	3985000	41
GCF_000006765.1_ASM676v1_genomic_NC_002516.2	3985000	3992000	0
GCF_000006765.1_ASM676v1_genomic_NC_002516.2	3992000	3993000	7
GCF_000006765.1_ASM676v1_genomic_NC_002516.2	3993000	3995000	0
GCF_000006765.1_ASM676v1_genomic_NC_002516.2	3995000	3996000	2
GCF_000006765.1_ASM676v1_genomic_NC_002516.2	3996000	3997000	0
GCF_000006765.1_ASM676v1_genomic_NC_002516.2	3997000	3998000	32
GCF_000006765.1_ASM676v1_genomic_NC_002516.2	3998000	4008000	0
GCF_000006765.1_ASM676v1_genomic_NC_002516.2	4008000	4009000	16
GCF_000006765.1_ASM676v1_genomic_NC_002516.2	4009000	4010000	251
GCF_000006765.1_ASM676v1_genomic_NC_002516.2	4010000	4071000	0
GCF_000006765.1_ASM676v1_genomic_NC_002516.2	4071000	4072000	228
GCF_000006765.1_ASM676v1_genomic_NC_002516.2	4072000	4073000	269
GCF_000006765.1_ASM676v1_genomic_NC_002516.2	4073000	4074000	20
GCF_000006765.1_ASM676v1_genomic_NC_002516.2	4074000	4225000	0
GCF_000006765.1_ASM676v1_genomic_NC_002516.2	4225000	4226000	98
GCF_000006765.1_ASM676v1_genomic_NC_002516.2	4226000	4227000	126
GCF_000006765.1_ASM676v1_genomic_NC_002516.2	4227000	4281000	0
GCF_000006765.1_ASM676v1_genomic_NC_002516.2	4281000	4282000	81
GCF_000006765.1_ASM676v1_genomic_NC_002516.2	4282000	4283000	78
GCF_000006765.1_ASM676v1_genomic_NC_002516.2	4283000	4309000	0
GCF_000006765.1_ASM676v1_genomic_NC_002516.2	4309000	4310000	7
GCF_000006765.1_ASM676v1_genomic_NC_002516.2	4310000	4311000	69
GCF_000006765.1_ASM676v1_genomic_NC_002516.2	4311000	4312000	15
GCF_000006765.1_ASM676v1_genomic_NC_002516.2	4312000	4333000	0
GCF_000006765.1_ASM676v1_genomic_NC_002516.2	4333000	4334000	173
GCF_000006765.1_ASM676v1_genomic_NC_002516.2	4334000	4377000	0
GCF_000006765.1_ASM676v1_genomic_NC_002516.2	4377000	4378000	32
GCF_000006765.1_ASM676v1_genomic_NC_002516.2	4378000	4389000	0
GCF_000006765.1_ASM676v1_genomic_NC_002516.2	4389000	4390000	142
GCF_000006765.1_ASM676v1_genomic_NC_002516.2	4390000	4438000	0
GCF_000006765.1_ASM676v1_genomic_NC_002516.2	4438000	4439000	122
GCF_000006765.1_ASM676v1_genomic_NC_002516.2	4439000	4474000	0
GCF_000006765.1_ASM676v1_genomic_NC_002516.2	4474000	4475000	22
GCF_000006765.1_ASM676v1_genomic_NC_002516.2	4475000	4476000	80
GCF_000006765.1_ASM676v1_genomic_NC_002516.2	4476000	4503000	0
GCF_000006765.1_ASM676v1_genomic_NC_002516.2	4503000	4504000	42
GCF_000006765.1_ASM676v1_genomic_NC_002516.2	4504000	4505000	14
GCF_000006765.1_ASM676v1_genomic_NC_002516.2	4505000	4528000	0
GCF_000006765.1_ASM676v1_genomic_NC_002516.2	4528000	4529000	79
GCF_000006765.1_ASM676v1_genomic_NC_002516.2	4529000	4530000	36
GCF_000006765.1_ASM676v1_genomic_NC_002516.2	4530000	4554000	0
GCF_000006765.1_ASM676v1_genomic_NC_002516.2	4554000	4555000	204
GCF_000006765.1_ASM676v1_genomic_NC_002516.2	4555000	4588000	0
GCF_000006765.1_ASM676v1_genomic_NC_002516.2	4588000	4589000	102
GCF_000006765.1_ASM676v1_genomic_NC_002516.2	4589000	4590000	130
GCF_000006765.1_ASM676v1_genomic_NC_002516.2	4590000	4623000	0
GCF_000006765.1_ASM676v1_genomic_NC_002516.2	4623000	4624000	57
GCF_000006765.1_ASM676v1_genomic_NC_002516.2	4624000	4625000	6
GCF_000006765.1_ASM676v1_genomic_NC_002516.2	4625000	4644000	0
GCF_000006765.1_ASM676v1_genomic_NC_002516.2	4644000	4645000	80
GCF_000006765.1_ASM676v1_genomic_NC_002516.2	4645000	4658000	0
GCF_000006765.1_ASM676v1_genomic_NC_002516.2	4658000	4659000	82
GCF_000006765.1_ASM676v1_genomic_NC_002516.2	4659000	4672000	0
GCF_000006765.1_ASM676v1_genomic_NC_002516.2	4672000	4673000	20
GCF_000006765.1_ASM676v1_genomic_NC_002516.2	4673000	4674000	175
GCF_000006765.1_ASM676v1_genomic_NC_002516.2	4674000	4720000	0
GCF_000006765.1_ASM676v1_genomic_NC_002516.2	4720000	4721000	25
GCF_000006765.1_ASM676v1_genomic_NC_002516.2	4721000	4722000	10
GCF_000006765.1_ASM676v1_genomic_NC_002516.2	4722000	4723000	34
GCF_000006765.1_ASM676v1_genomic_NC_002516.2	4723000	4724000	272
GCF_000006765.1_ASM676v1_genomic_NC_002516.2	4724000	4789000	0
GCF_000006765.1_ASM676v1_genomic_NC_002516.2	4789000	4790000	1
GCF_000006765.1_ASM676v1_genomic_NC_002516.2	4790000	4794000	0
GCF_000006765.1_ASM676v1_genomic_NC_002516.2	4794000	4795000	214
GCF_000006765.1_ASM676v1_genomic_NC_002516.2	4795000	4832000	0
GCF_000006765.1_ASM676v1_genomic_NC_002516.2	4832000	4833000	4
GCF_000006765.1_ASM676v1_genomic_NC_002516.2	4833000	4834000	8
GCF_000006765.1_ASM676v1_genomic_NC_002516.2	4834000	4837000	0
GCF_000006765.1_ASM676v1_genomic_NC_002516.2	4837000	4838000	4
GCF_000006765.1_ASM676v1_genomic_NC_002516.2	4838000	4839000	0
GCF_000006765.1_ASM676v1_genomic_NC_002516.2	4839000	4840000	78
GCF_000006765.1_ASM676v1_genomic_NC_002516.2	4840000	4858000	0
GCF_000006765.1_ASM676v1_genomic_NC_002516.2	4858000	4859000	166
GCF_000006765.1_ASM676v1_genomic_NC_002516.2	4859000	4860000	150
GCF_000006765.1_ASM676v1_genomic_NC_002516.2	4860000	4962000	0
GCF_000006765.1_ASM676v1_genomic_NC_002516.2	4962000	4963000	220
GCF_000006765.1_ASM676v1_genomic_NC_002516.2	4963000	4964000	361
GCF_000006765.1_ASM676v1_genomic_NC_002516.2	4964000	4965000	115
GCF_000006765.1_ASM676v1_genomic_NC_002516.2	4965000	5050000	0
GCF_000006765.1_ASM676v1_genomic_NC_002516.2	5050000	5051000	24
GCF_000006765.1_ASM676v1_genomic_NC_002516.2	5051000	5055000	0
GCF_000006765.1_ASM676v1_genomic_NC_002516.2	5055000	5056000	100
GCF_000006765.1_ASM676v1_genomic_NC_002516.2	5056000	5072000	0
GCF_000006765.1_ASM676v1_genomic_NC_002516.2	5072000	5073000	149
GCF_000006765.1_ASM676v1_genomic_NC_002516.2	5073000	5086000	0
GCF_000006765.1_ASM676v1_genomic_NC_002516.2	5086000	5087000	21
GCF_000006765.1_ASM676v1_genomic_NC_002516.2	5087000	5088000	25
GCF_000006765.1_ASM676v1_genomic_NC_002516.2	5088000	5101000	0
GCF_000006765.1_ASM676v1_genomic_NC_002516.2	5101000	5102000	246
GCF_000006765.1_ASM676v1_genomic_NC_002516.2	5102000	5103000	128
GCF_000006765.1_ASM676v1_genomic_NC_002516.2	5103000	5161000	0
GCF_000006765.1_ASM676v1_genomic_NC_002516.2	5161000	5162000	99
GCF_000006765.1_ASM676v1_genomic_NC_002516.2	5162000	5189000	0
GCF_000006765.1_ASM676v1_genomic_NC_002516.2	5189000	5190000	200
GCF_000006765.1_ASM676v1_genomic_NC_002516.2	5190000	5222000	0
GCF_000006765.1_ASM676v1_genomic_NC_002516.2	5222000	5223000	59
GCF_000006765.1_ASM676v1_genomic_NC_002516.2	5223000	5241000	0
GCF_000006765.1_ASM676v1_genomic_NC_002516.2	5241000	5242000	46
GCF_000006765.1_ASM676v1_genomic_NC_002516.2	5242000	5243000	29
GCF_000006765.1_ASM676v1_genomic_NC_002516.2	5243000	5260000	0
GCF_000006765.1_ASM676v1_genomic_NC_002516.2	5260000	5261000	34
GCF_000006765.1_ASM676v1_genomic_NC_002516.2	5261000	5269000	0
GCF_000006765.1_ASM676v1_genomic_NC_002516.2	5269000	5270000	72
GCF_000006765.1_ASM676v1_genomic_NC_002516.2	5270000	5271000	282
GCF_000006765.1_ASM676v1_genomic_NC_002516.2	5271000	5272000	24
GCF_000006765.1_ASM676v1_genomic_NC_002516.2	5272000	5361000	0
GCF_000006765.1_ASM676v1_genomic_NC_002516.2	5361000	5362000	56
GCF_000006765.1_ASM676v1_genomic_NC_002516.2	5362000	5383000	0
GCF_000006765.1_ASM676v1_genomic_NC_002516.2	5383000	5384000	12
GCF_000006765.1_ASM676v1_genomic_NC_002516.2	5384000	5388000	0
GCF_000006765.1_ASM676v1_genomic_NC_002516.2	5388000	5389000	18
GCF_000006765.1_ASM676v1_genomic_NC_002516.2	5389000	5393000	0
GCF_000006765.1_ASM676v1_genomic_NC_002516.2	5393000	5394000	197
GCF_000006765.1_ASM676v1_genomic_NC_002516.2	5394000	5395000	24
GCF_000006765.1_ASM676v1_genomic_NC_002516.2	5395000	5455000	0
GCF_000006765.1_ASM676v1_genomic_NC_002516.2	5455000	5456000	193
GCF_000006765.1_ASM676v1_genomic_NC_002516.2	5456000	5457000	32
GCF_000006765.1_ASM676v1_genomic_NC_002516.2	5457000	5511000	0
GCF_000006765.1_ASM676v1_genomic_NC_002516.2	5511000	5512000	110
GCF_000006765.1_ASM676v1_genomic_NC_002516.2	5512000	5513000	296
GCF_000006765.1_ASM676v1_genomic_NC_002516.2	5513000	5514000	41
GCF_000006765.1_ASM676v1_genomic_NC_002516.2	5514000	5612000	0
GCF_000006765.1_ASM676v1_genomic_NC_002516.2	5612000	5613000	216
GCF_000006765.1_ASM676v1_genomic_NC_002516.2	5613000	5614000	287
GCF_000006765.1_ASM676v1_genomic_NC_002516.2	5614000	5615000	81
GCF_000006765.1_ASM676v1_genomic_NC_002516.2	5615000	5726000	0
GCF_000006765.1_ASM676v1_genomic_NC_002516.2	5726000	5727000	75
GCF_000006765.1_ASM676v1_genomic_NC_002516.2	5727000	5728000	191
GCF_000006765.1_ASM676v1_genomic_NC_002516.2	5728000	5729000	178
GCF_000006765.1_ASM676v1_genomic_NC_002516.2	5729000	5798000	0
GCF_000006765.1_ASM676v1_genomic_NC_002516.2	5798000	5799000	121
GCF_000006765.1_ASM676v1_genomic_NC_002516.2	5799000	5800000	294
GCF_000006765.1_ASM676v1_genomic_NC_002516.2	5800000	5801000	162
GCF_000006765.1_ASM676v1_genomic_NC_002516.2	5801000	5915000	0
GCF_000006765.1_ASM676v1_genomic_NC_002516.2	5915000	5916000	50
GCF_000006765.1_ASM676v1_genomic_NC_002516.2	5916000	5930000	0
GCF_000006765.1_ASM676v1_genomic_NC_002516.2	5930000	5931000	71
GCF_000006765.1_ASM676v1_genomic_NC_002516.2	5931000	5932000	281
GCF_000006765.1_ASM676v1_genomic_NC_002516.2	5932000	5933000	91
GCF_000006765.1_ASM676v1_genomic_NC_002516.2	5933000	6045000	0
GCF_000006765.1_ASM676v1_genomic_NC_002516.2	6045000	6046000	210
GCF_000006765.1_ASM676v1_genomic_NC_002516.2	6046000	6090000	0
GCF_000006765.1_ASM676v1_genomic_NC_002516.2	6090000	6091000	29
GCF_000006765.1_ASM676v1_genomic_NC_002516.2	6091000	6092000	136
GCF_000006765.1_ASM676v1_genomic_NC_002516.2	6092000	6094000	0
GCF_000006765.1_ASM676v1_genomic_NC_002516.2	6094000	6095000	6
GCF_000006765.1_ASM676v1_genomic_NC_002516.2	6095000	6096000	268
GCF_000006765.1_ASM676v1_genomic_NC_002516.2	6096000	6097000	157
GCF_000006765.1_ASM676v1_genomic_NC_002516.2	6097000	6188000	0
GCF_000006765.1_ASM676v1_genomic_NC_002516.2	6188000	6189000	118
GCF_000006765.1_ASM676v1_genomic_NC_002516.2	6189000	6209000	0
GCF_000006765.1_ASM676v1_genomic_NC_002516.2	6209000	6210000	151
GCF_000006765.1_ASM676v1_genomic_NC_002516.2	6210000	6211000	31
GCF_000006765.1_ASM676v1_genomic_NC_002516.2	6211000	6241000	0
GCF_000006765.1_ASM676v1_genomic_NC_002516.2	6241000	6242000	68
GCF_000006765.1_ASM676v1_genomic_NC_002516.2	6242000	6243000	42
GCF_000006765.1_ASM676v1_genomic_NC_002516.2	6243000	17819000	0
GCF_000005845.2_ASM584v2_genomic_NC_000913.3	0	20000	0
GCF_000005845.2_ASM584v2_genomic_NC_000913.3	20000	21000	1
GCF_000005845.2_ASM584v2_genomic_NC_000913.3	21000	225000	0
GCF_000005845.2_ASM584v2_genomic_NC_000913.3	225000	226000	7
GCF_000005845.2_ASM584v2_genomic_NC_000913.3	226000	228000	0
GCF_000005845.2_ASM584v2_genomic_NC_000913.3	228000	229000	2
GCF_000005845.2_ASM584v2_genomic_NC_000913.3	229000	258000	0
GCF_000005845.2_ASM584v2_genomic_NC_000913.3	258000	259000	2
GCF_000005845.2_ASM584v2_genomic_NC_000913.3	259000	526000	0
GCF_000005845.2_ASM584v2_genomic_NC_000913.3	526000	527000	1
GCF_000005845.2_ASM584v2_genomic_NC_000913.3	527000	575000	0
GCF_000005845.2_ASM584v2_genomic_NC_000913.3	575000	576000	29
GCF_000005845.2_ASM584v2_genomic_NC_000913.3	576000	736000	0
GCF_000005845.2_ASM584v2_genomic_NC_000913.3	736000	737000	90
GCF_000005845.2_ASM584v2_genomic_NC_000913.3	737000	781000	0
GCF_000005845.2_ASM584v2_genomic_NC_000913.3	781000	782000	1
GCF_000005845.2_ASM584v2_genomic_NC_000913.3	782000	1050000	0
GCF_000005845.2_ASM584v2_genomic_NC_000913.3	1050000	1051000	1
GCF_000005845.2_ASM584v2_genomic_NC_000913.3	1051000	1269000	0
GCF_000005845.2_ASM584v2_genomic_NC_000913.3	1269000	1270000	5
GCF_000005845.2_ASM584v2_genomic_NC_000913.3	1270000	1286000	0
GCF_000005845.2_ASM584v2_genomic_NC_000913.3	1286000	1287000	4
GCF_000005845.2_ASM584v2_genomic_NC_000913.3	1287000	1300000	0
GCF_000005845.2_ASM584v2_genomic_NC_000913.3	1300000	1301000	1
GCF_000005845.2_ASM584v2_genomic_NC_000913.3	1301000	1397000	0
GCF_000005845.2_ASM584v2_genomic_NC_000913.3	1397000	1398000	15
GCF_000005845.2_ASM584v2_genomic_NC_000913.3	1398000	1432000	0
GCF_000005845.2_ASM584v2_genomic_NC_000913.3	1432000	1433000	3
GCF_000005845.2_ASM584v2_genomic_NC_000913.3	1433000	1434000	0
GCF_000005845.2_ASM584v2_genomic_NC_000913.3	1434000	1435000	22
GCF_000005845.2_ASM584v2_genomic_NC_000913.3	1435000	1529000	0
GCF_000005845.2_ASM584v2_genomic_NC_000913.3	1529000	1530000	8
GCF_000005845.2_ASM584v2_genomic_NC_000913.3	1530000	1651000	0
GCF_000005845.2_ASM584v2_genomic_NC_000913.3	1651000	1652000	1
GCF_000005845.2_ASM584v2_genomic_NC_000913.3	1652000	1979000	0
GCF_000005845.2_ASM584v2_genomic_NC_000913.3	1979000	1980000	1
GCF_000005845.2_ASM584v2_genomic_NC_000913.3	1980000	2171000	0
GCF_000005845.2_ASM584v2_genomic_NC_000913.3	2171000	2172000	1
GCF_000005845.2_ASM584v2_genomic_NC_000913.3	2172000	2304000	0
GCF_000005845.2_ASM584v2_genomic_NC_000913.3	2304000	2305000	9
GCF_000005845.2_ASM584v2_genomic_NC_000913.3	2305000	2515000	0
GCF_000005845.2_ASM584v2_genomic_NC_000913.3	2515000	2516000	3
GCF_000005845.2_ASM584v2_genomic_NC_000913.3	2516000	2818000	0
GCF_000005845.2_ASM584v2_genomic_NC_000913.3	2818000	2819000	17
GCF_000005845.2_ASM584v2_genomic_NC_000913.3	2819000	3470000	0
GCF_000005845.2_ASM584v2_genomic_NC_000913.3	3470000	3471000	1
GCF_000005845.2_ASM584v2_genomic_NC_000913.3	3471000	3472000	1
GCF_000005845.2_ASM584v2_genomic_NC_000913.3	3472000	3619000	0
GCF_000005845.2_ASM584v2_genomic_NC_000913.3	3619000	3620000	6
GCF_000005845.2_ASM584v2_genomic_NC_000913.3	3620000	3622000	0
GCF_000005845.2_ASM584v2_genomic_NC_000913.3	3622000	3623000	20
GCF_000005845.2_ASM584v2_genomic_NC_000913.3	3623000	3765000	0
GCF_000005845.2_ASM584v2_genomic_NC_000913.3	3765000	3766000	7
GCF_000005845.2_ASM584v2_genomic_NC_000913.3	3766000	3946000	0
GCF_000005845.2_ASM584v2_genomic_NC_000913.3	3946000	3947000	1
GCF_000005845.2_ASM584v2_genomic_NC_000913.3	3947000	4040000	0
GCF_000005845.2_ASM584v2_genomic_NC_000913.3	4040000	4041000	2
GCF_000005845.2_ASM584v2_genomic_NC_000913.3	4041000	4213000	0
GCF_000005845.2_ASM584v2_genomic_NC_000913.3	4213000	4214000	10
GCF_000005845.2_ASM584v2_genomic_NC_000913.3	4214000	4296000	0
GCF_000005845.2_ASM584v2_genomic_NC_000913.3	4296000	4297000	1
GCF_000005845.2_ASM584v2_genomic_NC_000913.3	4297000	4326000	0
GCF_000005845.2_ASM584v2_genomic_NC_000913.3	4326000	4327000	2
GCF_000005845.2_ASM584v2_genomic_NC_000913.3	4327000	17819000	0
Kocuria_rhizophila_ATCC_9341_NC_010617.1	0	1000	1
Kocuria_rhizophila_ATCC_9341_NC_010617.1	1000	28000	0
Kocuria_rhizophila_ATCC_9341_NC_010617.1	28000	29000	1
Kocuria_rhizophila_ATCC_9341_NC_010617.1	29000	47000	0
Kocuria_rhizophila_ATCC_9341_NC_010617.1	47000	48000	1
Kocuria_rhizophila_ATCC_9341_NC_010617.1	48000	77000	0
Kocuria_rhizophila_ATCC_9341_NC_010617.1	77000	78000	2
Kocuria_rhizophila_ATCC_9341_NC_010617.1	78000	185000	0
Kocuria_rhizophila_ATCC_9341_NC_010617.1	185000	186000	7
Kocuria_rhizophila_ATCC_9341_NC_010617.1	186000	227000	0
Kocuria_rhizophila_ATCC_9341_NC_010617.1	227000	228000	2
Kocuria_rhizophila_ATCC_9341_NC_010617.1	228000	296000	0
Kocuria_rhizophila_ATCC_9341_NC_010617.1	296000	297000	4
Kocuria_rhizophila_ATCC_9341_NC_010617.1	297000	311000	0
Kocuria_rhizophila_ATCC_9341_NC_010617.1	311000	312000	3
Kocuria_rhizophila_ATCC_9341_NC_010617.1	312000	329000	0
Kocuria_rhizophila_ATCC_9341_NC_010617.1	329000	330000	4
Kocuria_rhizophila_ATCC_9341_NC_010617.1	330000	350000	0
Kocuria_rhizophila_ATCC_9341_NC_010617.1	350000	351000	2
Kocuria_rhizophila_ATCC_9341_NC_010617.1	351000	371000	0
Kocuria_rhizophila_ATCC_9341_NC_010617.1	371000	372000	2
Kocuria_rhizophila_ATCC_9341_NC_010617.1	372000	379000	0
Kocuria_rhizophila_ATCC_9341_NC_010617.1	379000	380000	1
Kocuria_rhizophila_ATCC_9341_NC_010617.1	380000	382000	0
Kocuria_rhizophila_ATCC_9341_NC_010617.1	382000	383000	2
Kocuria_rhizophila_ATCC_9341_NC_010617.1	383000	391000	0
Kocuria_rhizophila_ATCC_9341_NC_010617.1	391000	392000	1
Kocuria_rhizophila_ATCC_9341_NC_010617.1	392000	397000	0
Kocuria_rhizophila_ATCC_9341_NC_010617.1	397000	398000	1
Kocuria_rhizophila_ATCC_9341_NC_010617.1	398000	431000	0
Kocuria_rhizophila_ATCC_9341_NC_010617.1	431000	432000	1
Kocuria_rhizophila_ATCC_9341_NC_010617.1	432000	434000	0
Kocuria_rhizophila_ATCC_9341_NC_010617.1	434000	435000	2
Kocuria_rhizophila_ATCC_9341_NC_010617.1	435000	458000	0
Kocuria_rhizophila_ATCC_9341_NC_010617.1	458000	459000	1
Kocuria_rhizophila_ATCC_9341_NC_010617.1	459000	461000	0
Kocuria_rhizophila_ATCC_9341_NC_010617.1	461000	462000	1
Kocuria_rhizophila_ATCC_9341_NC_010617.1	462000	465000	0
Kocuria_rhizophila_ATCC_9341_NC_010617.1	465000	466000	1
Kocuria_rhizophila_ATCC_9341_NC_010617.1	466000	471000	0
Kocuria_rhizophila_ATCC_9341_NC_010617.1	471000	472000	1
Kocuria_rhizophila_ATCC_9341_NC_010617.1	472000	496000	0
Kocuria_rhizophila_ATCC_9341_NC_010617.1	496000	497000	2
Kocuria_rhizophila_ATCC_9341_NC_010617.1	497000	499000	0
Kocuria_rhizophila_ATCC_9341_NC_010617.1	499000	500000	1
Kocuria_rhizophila_ATCC_9341_NC_010617.1	500000	533000	0
Kocuria_rhizophila_ATCC_9341_NC_010617.1	533000	534000	1
Kocuria_rhizophila_ATCC_9341_NC_010617.1	534000	538000	0
Kocuria_rhizophila_ATCC_9341_NC_010617.1	538000	539000	1
Kocuria_rhizophila_ATCC_9341_NC_010617.1	539000	540000	2
Kocuria_rhizophila_ATCC_9341_NC_010617.1	540000	547000	0
Kocuria_rhizophila_ATCC_9341_NC_010617.1	547000	548000	2
Kocuria_rhizophila_ATCC_9341_NC_010617.1	548000	549000	0
Kocuria_rhizophila_ATCC_9341_NC_010617.1	549000	550000	1
Kocuria_rhizophila_ATCC_9341_NC_010617.1	550000	607000	0
Kocuria_rhizophila_ATCC_9341_NC_010617.1	607000	608000	1
Kocuria_rhizophila_ATCC_9341_NC_010617.1	608000	621000	0
Kocuria_rhizophila_ATCC_9341_NC_010617.1	621000	622000	1
Kocuria_rhizophila_ATCC_9341_NC_010617.1	622000	624000	0
Kocuria_rhizophila_ATCC_9341_NC_010617.1	624000	625000	1
Kocuria_rhizophila_ATCC_9341_NC_010617.1	625000	628000	0
Kocuria_rhizophila_ATCC_9341_NC_010617.1	628000	629000	1
Kocuria_rhizophila_ATCC_9341_NC_010617.1	629000	635000	0
Kocuria_rhizophila_ATCC_9341_NC_010617.1	635000	636000	4
Kocuria_rhizophila_ATCC_9341_NC_010617.1	636000	639000	0
Kocuria_rhizophila_ATCC_9341_NC_010617.1	639000	640000	1
Kocuria_rhizophila_ATCC_9341_NC_010617.1	640000	643000	0
Kocuria_rhizophila_ATCC_9341_NC_010617.1	643000	644000	3
Kocuria_rhizophila_ATCC_9341_NC_010617.1	644000	650000	0
Kocuria_rhizophila_ATCC_9341_NC_010617.1	650000	651000	1
Kocuria_rhizophila_ATCC_9341_NC_010617.1	651000	661000	0
Kocuria_rhizophila_ATCC_9341_NC_010617.1	661000	662000	1
Kocuria_rhizophila_ATCC_9341_NC_010617.1	662000	670000	0
Kocuria_rhizophila_ATCC_9341_NC_010617.1	670000	671000	1
Kocuria_rhizophila_ATCC_9341_NC_010617.1	671000	713000	0
Kocuria_rhizophila_ATCC_9341_NC_010617.1	713000	714000	1
Kocuria_rhizophila_ATCC_9341_NC_010617.1	714000	715000	0
Kocuria_rhizophila_ATCC_9341_NC_010617.1	715000	716000	1
Kocuria_rhizophila_ATCC_9341_NC_010617.1	716000	725000	0
Kocuria_rhizophila_ATCC_9341_NC_010617.1	725000	726000	2
Kocuria_rhizophila_ATCC_9341_NC_010617.1	726000	735000	0
Kocuria_rhizophila_ATCC_9341_NC_010617.1	735000	736000	2
Kocuria_rhizophila_ATCC_9341_NC_010617.1	736000	746000	0
Kocuria_rhizophila_ATCC_9341_NC_010617.1	746000	747000	3
Kocuria_rhizophila_ATCC_9341_NC_010617.1	747000	751000	0
Kocuria_rhizophila_ATCC_9341_NC_010617.1	751000	752000	3
Kocuria_rhizophila_ATCC_9341_NC_010617.1	752000	769000	0
Kocuria_rhizophila_ATCC_9341_NC_010617.1	769000	770000	1
Kocuria_rhizophila_ATCC_9341_NC_010617.1	770000	835000	0
Kocuria_rhizophila_ATCC_9341_NC_010617.1	835000	836000	1
Kocuria_rhizophila_ATCC_9341_NC_010617.1	836000	841000	0
Kocuria_rhizophila_ATCC_9341_NC_010617.1	841000	842000	5
Kocuria_rhizophila_ATCC_9341_NC_010617.1	842000	850000	0
Kocuria_rhizophila_ATCC_9341_NC_010617.1	850000	851000	1
Kocuria_rhizophila_ATCC_9341_NC_010617.1	851000	857000	0
Kocuria_rhizophila_ATCC_9341_NC_010617.1	857000	858000	1
Kocuria_rhizophila_ATCC_9341_NC_010617.1	858000	862000	0
Kocuria_rhizophila_ATCC_9341_NC_010617.1	862000	863000	1
Kocuria_rhizophila_ATCC_9341_NC_010617.1	863000	864000	7
Kocuria_rhizophila_ATCC_9341_NC_010617.1	864000	865000	0
Kocuria_rhizophila_ATCC_9341_NC_010617.1	865000	866000	1
Kocuria_rhizophila_ATCC_9341_NC_010617.1	866000	867000	0
Kocuria_rhizophila_ATCC_9341_NC_010617.1	867000	868000	1
Kocuria_rhizophila_ATCC_9341_NC_010617.1	868000	886000	0
Kocuria_rhizophila_ATCC_9341_NC_010617.1	886000	887000	1
Kocuria_rhizophila_ATCC_9341_NC_010617.1	887000	912000	0
Kocuria_rhizophila_ATCC_9341_NC_010617.1	912000	913000	1
Kocuria_rhizophila_ATCC_9341_NC_010617.1	913000	925000	0
Kocuria_rhizophila_ATCC_9341_NC_010617.1	925000	926000	1
Kocuria_rhizophila_ATCC_9341_NC_010617.1	926000	946000	0
Kocuria_rhizophila_ATCC_9341_NC_010617.1	946000	947000	1
Kocuria_rhizophila_ATCC_9341_NC_010617.1	947000	950000	0
Kocuria_rhizophila_ATCC_9341_NC_010617.1	950000	951000	2
Kocuria_rhizophila_ATCC_9341_NC_010617.1	951000	963000	0
Kocuria_rhizophila_ATCC_9341_NC_010617.1	963000	964000	1
Kocuria_rhizophila_ATCC_9341_NC_010617.1	964000	970000	0
Kocuria_rhizophila_ATCC_9341_NC_010617.1	970000	971000	1
Kocuria_rhizophila_ATCC_9341_NC_010617.1	971000	973000	0
Kocuria_rhizophila_ATCC_9341_NC_010617.1	973000	974000	1
Kocuria_rhizophila_ATCC_9341_NC_010617.1	974000	977000	0
Kocuria_rhizophila_ATCC_9341_NC_010617.1	977000	978000	1
Kocuria_rhizophila_ATCC_9341_NC_010617.1	978000	989000	0
Kocuria_rhizophila_ATCC_9341_NC_010617.1	989000	990000	1
Kocuria_rhizophila_ATCC_9341_NC_010617.1	990000	1012000	0
Kocuria_rhizophila_ATCC_9341_NC_010617.1	1012000	1013000	8
Kocuria_rhizophila_ATCC_9341_NC_010617.1	1013000	1037000	0
Kocuria_rhizophila_ATCC_9341_NC_010617.1	1037000	1038000	6
Kocuria_rhizophila_ATCC_9341_NC_010617.1	1038000	1055000	0
Kocuria_rhizophila_ATCC_9341_NC_010617.1	1055000	1056000	1
Kocuria_rhizophila_ATCC_9341_NC_010617.1	1056000	1062000	0
Kocuria_rhizophila_ATCC_9341_NC_010617.1	1062000	1063000	1
Kocuria_rhizophila_ATCC_9341_NC_010617.1	1063000	1081000	0
Kocuria_rhizophila_ATCC_9341_NC_010617.1	1081000	1082000	1
Kocuria_rhizophila_ATCC_9341_NC_010617.1	1082000	1087000	0
Kocuria_rhizophila_ATCC_9341_NC_010617.1	1087000	1088000	1
Kocuria_rhizophila_ATCC_9341_NC_010617.1	1088000	1095000	0
Kocuria_rhizophila_ATCC_9341_NC_010617.1	1095000	1096000	1
Kocuria_rhizophila_ATCC_9341_NC_010617.1	1096000	1101000	0
Kocuria_rhizophila_ATCC_9341_NC_010617.1	1101000	1102000	1
Kocuria_rhizophila_ATCC_9341_NC_010617.1	1102000	1103000	0
Kocuria_rhizophila_ATCC_9341_NC_010617.1	1103000	1104000	2
Kocuria_rhizophila_ATCC_9341_NC_010617.1	1104000	1105000	0
Kocuria_rhizophila_ATCC_9341_NC_010617.1	1105000	1106000	1
Kocuria_rhizophila_ATCC_9341_NC_010617.1	1106000	1122000	0
Kocuria_rhizophila_ATCC_9341_NC_010617.1	1122000	1123000	1
Kocuria_rhizophila_ATCC_9341_NC_010617.1	1123000	1124000	1
Kocuria_rhizophila_ATCC_9341_NC_010617.1	1124000	1126000	0
Kocuria_rhizophila_ATCC_9341_NC_010617.1	1126000	1127000	2
Kocuria_rhizophila_ATCC_9341_NC_010617.1	1127000	1129000	0
Kocuria_rhizophila_ATCC_9341_NC_010617.1	1129000	1130000	1
Kocuria_rhizophila_ATCC_9341_NC_010617.1	1130000	1167000	0
Kocuria_rhizophila_ATCC_9341_NC_010617.1	1167000	1168000	1
Kocuria_rhizophila_ATCC_9341_NC_010617.1	1168000	1169000	0
Kocuria_rhizophila_ATCC_9341_NC_010617.1	1169000	1170000	1
Kocuria_rhizophila_ATCC_9341_NC_010617.1	1170000	1179000	0
Kocuria_rhizophila_ATCC_9341_NC_010617.1	1179000	1180000	1
Kocuria_rhizophila_ATCC_9341_NC_010617.1	1180000	1194000	0
Kocuria_rhizophila_ATCC_9341_NC_010617.1	1194000	1195000	1
Kocuria_rhizophila_ATCC_9341_NC_010617.1	1195000	1201000	0
Kocuria_rhizophila_ATCC_9341_NC_010617.1	1201000	1202000	2
Kocuria_rhizophila_ATCC_9341_NC_010617.1	1202000	1209000	0
Kocuria_rhizophila_ATCC_9341_NC_010617.1	1209000	1210000	2
Kocuria_rhizophila_ATCC_9341_NC_010617.1	1210000	1211000	0
Kocuria_rhizophila_ATCC_9341_NC_010617.1	1211000	1212000	1
Kocuria_rhizophila_ATCC_9341_NC_010617.1	1212000	1254000	0
Kocuria_rhizophila_ATCC_9341_NC_010617.1	1254000	1255000	1
Kocuria_rhizophila_ATCC_9341_NC_010617.1	1255000	1261000	0
Kocuria_rhizophila_ATCC_9341_NC_010617.1	1261000	1262000	1
Kocuria_rhizophila_ATCC_9341_NC_010617.1	1262000	1263000	3
Kocuria_rhizophila_ATCC_9341_NC_010617.1	1263000	1270000	0
Kocuria_rhizophila_ATCC_9341_NC_010617.1	1270000	1271000	1
Kocuria_rhizophila_ATCC_9341_NC_010617.1	1271000	1280000	0
Kocuria_rhizophila_ATCC_9341_NC_010617.1	1280000	1281000	1
Kocuria_rhizophila_ATCC_9341_NC_010617.1	1281000	1289000	0
Kocuria_rhizophila_ATCC_9341_NC_010617.1	1289000	1290000	2
Kocuria_rhizophila_ATCC_9341_NC_010617.1	1290000	1293000	0
Kocuria_rhizophila_ATCC_9341_NC_010617.1	1293000	1294000	2
Kocuria_rhizophila_ATCC_9341_NC_010617.1	1294000	1296000	0
Kocuria_rhizophila_ATCC_9341_NC_010617.1	1296000	1297000	1
Kocuria_rhizophila_ATCC_9341_NC_010617.1	1297000	1298000	1
Kocuria_rhizophila_ATCC_9341_NC_010617.1	1298000	1318000	0
Kocuria_rhizophila_ATCC_9341_NC_010617.1	1318000	1319000	1
Kocuria_rhizophila_ATCC_9341_NC_010617.1	1319000	1325000	0
Kocuria_rhizophila_ATCC_9341_NC_010617.1	1325000	1326000	1
Kocuria_rhizophila_ATCC_9341_NC_010617.1	1326000	1333000	0
Kocuria_rhizophila_ATCC_9341_NC_010617.1	1333000	1334000	2
Kocuria_rhizophila_ATCC_9341_NC_010617.1	1334000	1341000	0
Kocuria_rhizophila_ATCC_9341_NC_010617.1	1341000	1342000	2
Kocuria_rhizophila_ATCC_9341_NC_010617.1	1342000	1347000	0
Kocuria_rhizophila_ATCC_9341_NC_010617.1	1347000	1348000	2
Kocuria_rhizophila_ATCC_9341_NC_010617.1	1348000	1355000	0
Kocuria_rhizophila_ATCC_9341_NC_010617.1	1355000	1356000	1
Kocuria_rhizophila_ATCC_9341_NC_010617.1	1356000	1358000	0
Kocuria_rhizophila_ATCC_9341_NC_010617.1	1358000	1359000	1
Kocuria_rhizophila_ATCC_9341_NC_010617.1	1359000	1363000	0
Kocuria_rhizophila_ATCC_9341_NC_010617.1	1363000	1364000	2
Kocuria_rhizophila_ATCC_9341_NC_010617.1	1364000	1368000	0
Kocuria_rhizophila_ATCC_9341_NC_010617.1	1368000	1369000	1
Kocuria_rhizophila_ATCC_9341_NC_010617.1	1369000	1375000	0
Kocuria_rhizophila_ATCC_9341_NC_010617.1	1375000	1376000	1
Kocuria_rhizophila_ATCC_9341_NC_010617.1	1376000	1388000	0
Kocuria_rhizophila_ATCC_9341_NC_010617.1	1388000	1389000	3
Kocuria_rhizophila_ATCC_9341_NC_010617.1	1389000	1467000	0
Kocuria_rhizophila_ATCC_9341_NC_010617.1	1467000	1468000	2
Kocuria_rhizophila_ATCC_9341_NC_010617.1	1468000	1516000	0
Kocuria_rhizophila_ATCC_9341_NC_010617.1	1516000	1517000	2
Kocuria_rhizophila_ATCC_9341_NC_010617.1	1517000	1527000	0
Kocuria_rhizophila_ATCC_9341_NC_010617.1	1527000	1528000	1
Kocuria_rhizophila_ATCC_9341_NC_010617.1	1528000	1532000	0
Kocuria_rhizophila_ATCC_9341_NC_010617.1	1532000	1533000	2
Kocuria_rhizophila_ATCC_9341_NC_010617.1	1533000	1534000	0
Kocuria_rhizophila_ATCC_9341_NC_010617.1	1534000	1535000	1
Kocuria_rhizophila_ATCC_9341_NC_010617.1	1535000	1541000	0
Kocuria_rhizophila_ATCC_9341_NC_010617.1	1541000	1542000	1
Kocuria_rhizophila_ATCC_9341_NC_010617.1	1542000	1547000	0
Kocuria_rhizophila_ATCC_9341_NC_010617.1	1547000	1548000	1
Kocuria_rhizophila_ATCC_9341_NC_010617.1	1548000	1552000	0
Kocuria_rhizophila_ATCC_9341_NC_010617.1	1552000	1553000	1
Kocuria_rhizophila_ATCC_9341_NC_010617.1	1553000	1571000	0
Kocuria_rhizophila_ATCC_9341_NC_010617.1	1571000	1572000	1
Kocuria_rhizophila_ATCC_9341_NC_010617.1	1572000	1604000	0
Kocuria_rhizophila_ATCC_9341_NC_010617.1	1604000	1605000	3
Kocuria_rhizophila_ATCC_9341_NC_010617.1	1605000	1612000	0
Kocuria_rhizophila_ATCC_9341_NC_010617.1	1612000	1613000	1
Kocuria_rhizophila_ATCC_9341_NC_010617.1	1613000	1620000	0
Kocuria_rhizophila_ATCC_9341_NC_010617.1	1620000	1621000	1
Kocuria_rhizophila_ATCC_9341_NC_010617.1	1621000	1623000	0
Kocuria_rhizophila_ATCC_9341_NC_010617.1	1623000	1624000	1
Kocuria_rhizophila_ATCC_9341_NC_010617.1	1624000	1626000	0
Kocuria_rhizophila_ATCC_9341_NC_010617.1	1626000	1627000	1
Kocuria_rhizophila_ATCC_9341_NC_010617.1	1627000	1629000	0
Kocuria_rhizophila_ATCC_9341_NC_010617.1	1629000	1630000	1
Kocuria_rhizophila_ATCC_9341_NC_010617.1	1630000	1634000	0
Kocuria_rhizophila_ATCC_9341_NC_010617.1	1634000	1635000	1
Kocuria_rhizophila_ATCC_9341_NC_010617.1	1635000	1644000	0
Kocuria_rhizophila_ATCC_9341_NC_010617.1	1644000	1645000	1
Kocuria_rhizophila_ATCC_9341_NC_010617.1	1645000	1646000	0
Kocuria_rhizophila_ATCC_9341_NC_010617.1	1646000	1647000	2
Kocuria_rhizophila_ATCC_9341_NC_010617.1	1647000	1653000	0
Kocuria_rhizophila_ATCC_9341_NC_010617.1	1653000	1654000	1
Kocuria_rhizophila_ATCC_9341_NC_010617.1	1654000	1666000	0
Kocuria_rhizophila_ATCC_9341_NC_010617.1	1666000	1667000	1
Kocuria_rhizophila_ATCC_9341_NC_010617.1	1667000	1668000	0
Kocuria_rhizophila_ATCC_9341_NC_010617.1	1668000	1669000	1
Kocuria_rhizophila_ATCC_9341_NC_010617.1	1669000	1670000	0
Kocuria_rhizophila_ATCC_9341_NC_010617.1	1670000	1671000	2
Kocuria_rhizophila_ATCC_9341_NC_010617.1	1671000	1685000	0
Kocuria_rhizophila_ATCC_9341_NC_010617.1	1685000	1686000	1
Kocuria_rhizophila_ATCC_9341_NC_010617.1	1686000	1687000	2
Kocuria_rhizophila_ATCC_9341_NC_010617.1	1687000	1691000	0
Kocuria_rhizophila_ATCC_9341_NC_010617.1	1691000	1692000	1
Kocuria_rhizophila_ATCC_9341_NC_010617.1	1692000	1705000	0
Kocuria_rhizophila_ATCC_9341_NC_010617.1	1705000	1706000	1
Kocuria_rhizophila_ATCC_9341_NC_010617.1	1706000	1721000	0
Kocuria_rhizophila_ATCC_9341_NC_010617.1	1721000	1722000	1
Kocuria_rhizophila_ATCC_9341_NC_010617.1	1722000	1765000	0
Kocuria_rhizophila_ATCC_9341_NC_010617.1	1765000	1766000	2
Kocuria_rhizophila_ATCC_9341_NC_010617.1	1766000	1770000	0
Kocuria_rhizophila_ATCC_9341_NC_010617.1	1770000	1771000	2
Kocuria_rhizophila_ATCC_9341_NC_010617.1	1771000	1775000	0
Kocuria_rhizophila_ATCC_9341_NC_010617.1	1775000	1776000	2
Kocuria_rhizophila_ATCC_9341_NC_010617.1	1776000	1797000	0
Kocuria_rhizophila_ATCC_9341_NC_010617.1	1797000	1798000	1
Kocuria_rhizophila_ATCC_9341_NC_010617.1	1798000	1805000	0
Kocuria_rhizophila_ATCC_9341_NC_010617.1	1805000	1806000	1
Kocuria_rhizophila_ATCC_9341_NC_010617.1	1806000	1811000	0
Kocuria_rhizophila_ATCC_9341_NC_010617.1	1811000	1812000	1
Kocuria_rhizophila_ATCC_9341_NC_010617.1	1812000	1817000	0
Kocuria_rhizophila_ATCC_9341_NC_010617.1	1817000	1818000	1
Kocuria_rhizophila_ATCC_9341_NC_010617.1	1818000	1819000	8
Kocuria_rhizophila_ATCC_9341_NC_010617.1	1819000	1821000	0
Kocuria_rhizophila_ATCC_9341_NC_010617.1	1821000	1822000	1
Kocuria_rhizophila_ATCC_9341_NC_010617.1	1822000	1825000	0
Kocuria_rhizophila_ATCC_9341_NC_010617.1	1825000	1826000	1
Kocuria_rhizophila_ATCC_9341_NC_010617.1	1826000	1829000	0
Kocuria_rhizophila_ATCC_9341_NC_010617.1	1829000	1830000	1
Kocuria_rhizophila_ATCC_9341_NC_010617.1	1830000	1835000	0
Kocuria_rhizophila_ATCC_9341_NC_010617.1	1835000	1836000	1
Kocuria_rhizophila_ATCC_9341_NC_010617.1	1836000	1841000	0
Kocuria_rhizophila_ATCC_9341_NC_010617.1	1841000	1842000	2
Kocuria_rhizophila_ATCC_9341_NC_010617.1	1842000	1855000	0
Kocuria_rhizophila_ATCC_9341_NC_010617.1	1855000	1856000	1
Kocuria_rhizophila_ATCC_9341_NC_010617.1	1856000	1863000	0
Kocuria_rhizophila_ATCC_9341_NC_010617.1	1863000	1864000	2
Kocuria_rhizophila_ATCC_9341_NC_010617.1	1864000	1873000	0
Kocuria_rhizophila_ATCC_9341_NC_010617.1	1873000	1874000	5
Kocuria_rhizophila_ATCC_9341_NC_010617.1	1874000	1881000	0
Kocuria_rhizophila_ATCC_9341_NC_010617.1	1881000	1882000	2
Kocuria_rhizophila_ATCC_9341_NC_010617.1	1882000	1885000	0
Kocuria_rhizophila_ATCC_9341_NC_010617.1	1885000	1886000	2
Kocuria_rhizophila_ATCC_9341_NC_010617.1	1886000	1887000	0
Kocuria_rhizophila_ATCC_9341_NC_010617.1	1887000	1888000	1
Kocuria_rhizophila_ATCC_9341_NC_010617.1	1888000	1900000	0
Kocuria_rhizophila_ATCC_9341_NC_010617.1	1900000	1901000	1
Kocuria_rhizophila_ATCC_9341_NC_010617.1	1901000	1925000	0
Kocuria_rhizophila_ATCC_9341_NC_010617.1	1925000	1926000	1
Kocuria_rhizophila_ATCC_9341_NC_010617.1	1926000	1965000	0
Kocuria_rhizophila_ATCC_9341_NC_010617.1	1965000	1966000	2
Kocuria_rhizophila_ATCC_9341_NC_010617.1	1966000	1981000	0
Kocuria_rhizophila_ATCC_9341_NC_010617.1	1981000	1982000	2
Kocuria_rhizophila_ATCC_9341_NC_010617.1	1982000	1983000	2
Kocuria_rhizophila_ATCC_9341_NC_010617.1	1983000	1992000	0
Kocuria_rhizophila_ATCC_9341_NC_010617.1	1992000	1993000	1
Kocuria_rhizophila_ATCC_9341_NC_010617.1	1993000	1998000	0
Kocuria_rhizophila_ATCC_9341_NC_010617.1	1998000	1999000	1
Kocuria_rhizophila_ATCC_9341_NC_010617.1	1999000	2003000	0
Kocuria_rhizophila_ATCC_9341_NC_010617.1	2003000	2004000	1
Kocuria_rhizophila_ATCC_9341_NC_010617.1	2004000	2015000	0
Kocuria_rhizophila_ATCC_9341_NC_010617.1	2015000	2016000	12
Kocuria_rhizophila_ATCC_9341_NC_010617.1	2016000	2055000	0
Kocuria_rhizophila_ATCC_9341_NC_010617.1	2055000	2056000	2
Kocuria_rhizophila_ATCC_9341_NC_010617.1	2056000	2075000	0
Kocuria_rhizophila_ATCC_9341_NC_010617.1	2075000	2076000	1
Kocuria_rhizophila_ATCC_9341_NC_010617.1	2076000	2080000	0
Kocuria_rhizophila_ATCC_9341_NC_010617.1	2080000	2081000	1
Kocuria_rhizophila_ATCC_9341_NC_010617.1	2081000	2128000	0
Kocuria_rhizophila_ATCC_9341_NC_010617.1	2128000	2129000	4
Kocuria_rhizophila_ATCC_9341_NC_010617.1	2129000	2173000	0
Kocuria_rhizophila_ATCC_9341_NC_010617.1	2173000	2174000	4
Kocuria_rhizophila_ATCC_9341_NC_010617.1	2174000	2189000	0
Kocuria_rhizophila_ATCC_9341_NC_010617.1	2189000	2190000	1
Kocuria_rhizophila_ATCC_9341_NC_010617.1	2190000	2200000	0
Kocuria_rhizophila_ATCC_9341_NC_010617.1	2200000	2201000	4
Kocuria_rhizophila_ATCC_9341_NC_010617.1	2201000	2204000	0
Kocuria_rhizophila_ATCC_9341_NC_010617.1	2204000	2205000	1
Kocuria_rhizophila_ATCC_9341_NC_010617.1	2205000	2206000	1
Kocuria_rhizophila_ATCC_9341_NC_010617.1	2206000	2212000	0
Kocuria_rhizophila_ATCC_9341_NC_010617.1	2212000	2213000	2
Kocuria_rhizophila_ATCC_9341_NC_010617.1	2213000	2236000	0
Kocuria_rhizophila_ATCC_9341_NC_010617.1	2236000	2237000	1
Kocuria_rhizophila_ATCC_9341_NC_010617.1	2237000	2246000	0
Kocuria_rhizophila_ATCC_9341_NC_010617.1	2246000	2247000	3
Kocuria_rhizophila_ATCC_9341_NC_010617.1	2247000	2251000	0
Kocuria_rhizophila_ATCC_9341_NC_010617.1	2251000	2252000	1
Kocuria_rhizophila_ATCC_9341_NC_010617.1	2252000	2257000	0
Kocuria_rhizophila_ATCC_9341_NC_010617.1	2257000	2258000	1
Kocuria_rhizophila_ATCC_9341_NC_010617.1	2258000	2259000	0
Kocuria_rhizophila_ATCC_9341_NC_010617.1	2259000	2260000	1
Kocuria_rhizophila_ATCC_9341_NC_010617.1	2260000	2262000	0
Kocuria_rhizophila_ATCC_9341_NC_010617.1	2262000	2263000	1
Kocuria_rhizophila_ATCC_9341_NC_010617.1	2263000	2266000	0
Kocuria_rhizophila_ATCC_9341_NC_010617.1	2266000	2267000	3
Kocuria_rhizophila_ATCC_9341_NC_010617.1	2267000	2291000	0
Kocuria_rhizophila_ATCC_9341_NC_010617.1	2291000	2292000	1
Kocuria_rhizophila_ATCC_9341_NC_010617.1	2292000	2299000	0
Kocuria_rhizophila_ATCC_9341_NC_010617.1	2299000	2300000	1
Kocuria_rhizophila_ATCC_9341_NC_010617.1	2300000	2301000	0
Kocuria_rhizophila_ATCC_9341_NC_010617.1	2301000	2302000	1
Kocuria_rhizophila_ATCC_9341_NC_010617.1	2302000	2341000	0
Kocuria_rhizophila_ATCC_9341_NC_010617.1	2341000	2342000	2
Kocuria_rhizophila_ATCC_9341_NC_010617.1	2342000	2348000	0
Kocuria_rhizophila_ATCC_9341_NC_010617.1	2348000	2349000	1
Kocuria_rhizophila_ATCC_9341_NC_010617.1	2349000	2351000	0
Kocuria_rhizophila_ATCC_9341_NC_010617.1	2351000	2352000	9
Kocuria_rhizophila_ATCC_9341_NC_010617.1	2352000	2407000	0
Kocuria_rhizophila_ATCC_9341_NC_010617.1	2407000	2408000	1
Kocuria_rhizophila_ATCC_9341_NC_010617.1	2408000	2424000	0
Kocuria_rhizophila_ATCC_9341_NC_010617.1	2424000	2425000	2
Kocuria_rhizophila_ATCC_9341_NC_010617.1	2425000	2433000	0
Kocuria_rhizophila_ATCC_9341_NC_010617.1	2433000	2434000	1
Kocuria_rhizophila_ATCC_9341_NC_010617.1	2434000	2457000	0
Kocuria_rhizophila_ATCC_9341_NC_010617.1	2457000	2458000	1
Kocuria_rhizophila_ATCC_9341_NC_010617.1	2458000	2466000	0
Kocuria_rhizophila_ATCC_9341_NC_010617.1	2466000	2467000	1
Kocuria_rhizophila_ATCC_9341_NC_010617.1	2467000	2472000	0
Kocuria_rhizophila_ATCC_9341_NC_010617.1	2472000	2473000	1
Kocuria_rhizophila_ATCC_9341_NC_010617.1	2473000	2475000	0
Kocuria_rhizophila_ATCC_9341_NC_010617.1	2475000	2476000	3
Kocuria_rhizophila_ATCC_9341_NC_010617.1	2476000	2486000	0
Kocuria_rhizophila_ATCC_9341_NC_010617.1	2486000	2487000	1
Kocuria_rhizophila_ATCC_9341_NC_010617.1	2487000	2488000	0
Kocuria_rhizophila_ATCC_9341_NC_010617.1	2488000	2489000	2
Kocuria_rhizophila_ATCC_9341_NC_010617.1	2489000	2498000	0
Kocuria_rhizophila_ATCC_9341_NC_010617.1	2498000	2499000	2
Kocuria_rhizophila_ATCC_9341_NC_010617.1	2499000	2508000	0
Kocuria_rhizophila_ATCC_9341_NC_010617.1	2508000	2509000	1
Kocuria_rhizophila_ATCC_9341_NC_010617.1	2509000	2553000	0
Kocuria_rhizophila_ATCC_9341_NC_010617.1	2553000	2554000	1
Kocuria_rhizophila_ATCC_9341_NC_010617.1	2554000	2570000	0
Kocuria_rhizophila_ATCC_9341_NC_010617.1	2570000	2571000	1
Kocuria_rhizophila_ATCC_9341_NC_010617.1	2571000	2602000	0
Kocuria_rhizophila_ATCC_9341_NC_010617.1	2602000	2603000	1
Kocuria_rhizophila_ATCC_9341_NC_010617.1	2603000	2606000	0
Kocuria_rhizophila_ATCC_9341_NC_010617.1	2606000	2607000	3
Kocuria_rhizophila_ATCC_9341_NC_010617.1	2607000	17819000	0
