NC_000964.3_NC_000964.3	0	14000	0
NC_000964.3_NC_000964.3	14000	15000	1
NC_000964.3_NC_000964.3	15000	35000	0
NC_000964.3_NC_000964.3	35000	36000	1
NC_000964.3_NC_000964.3	36000	101000	0
NC_000964.3_NC_000964.3	101000	102000	1
NC_000964.3_NC_000964.3	102000	176000	0
NC_000964.3_NC_000964.3	176000	177000	4
NC_000964.3_NC_000964.3	177000	260000	0
NC_000964.3_NC_000964.3	260000	261000	50
NC_000964.3_NC_000964.3	261000	637000	0
NC_000964.3_NC_000964.3	637000	638000	1
NC_000964.3_NC_000964.3	638000	640000	0
NC_000964.3_NC_000964.3	640000	641000	1
NC_000964.3_NC_000964.3	641000	687000	0
NC_000964.3_NC_000964.3	687000	688000	1
NC_000964.3_NC_000964.3	688000	951000	0
NC_000964.3_NC_000964.3	951000	952000	6
NC_000964.3_NC_000964.3	952000	1369000	0
NC_000964.3_NC_000964.3	1369000	1370000	6
NC_000964.3_NC_000964.3	1370000	1769000	0
NC_000964.3_NC_000964.3	1769000	1770000	6
NC_000964.3_NC_000964.3	1770000	1771000	11
NC_000964.3_NC_000964.3	1771000	1978000	0
NC_000964.3_NC_000964.3	1978000	1979000	5
NC_000964.3_NC_000964.3	1979000	1980000	11
NC_000964.3_NC_000964.3	1980000	1996000	0
NC_000964.3_NC_000964.3	1996000	1997000	4
NC_000964.3_NC_000964.3	1997000	2286000	0
NC_000964.3_NC_000964.3	2286000	2287000	1
NC_000964.3_NC_000964.3	2287000	2301000	0
NC_000964.3_NC_000964.3	2301000	2302000	17
NC_000964.3_NC_000964.3	2302000	3330000	0
NC_000964.3_NC_000964.3	3330000	3331000	3
NC_000964.3_NC_000964.3	3331000	3523000	0
NC_000964.3_NC_000964.3	3523000	3524000	24
NC_000964.3_NC_000964.3	3524000	3804000	0
NC_000964.3_NC_000964.3	3804000	3805000	5
NC_000964.3_NC_000964.3	3805000	17819000	0
Kocuria_rhizophila_ATCC_9341_NC_010617.1	0	398000	0
Kocuria_rhizophila_ATCC_9341_NC_010617.1	398000	399000	1
Kocuria_rhizophila_ATCC_9341_NC_010617.1	399000	468000	0
Kocuria_rhizophila_ATCC_9341_NC_010617.1	468000	469000	1
Kocuria_rhizophila_ATCC_9341_NC_010617.1	469000	580000	0
Kocuria_rhizophila_ATCC_9341_NC_010617.1	580000	581000	1
Kocuria_rhizophila_ATCC_9341_NC_010617.1	581000	642000	0
Kocuria_rhizophila_ATCC_9341_NC_010617.1	642000	643000	1
Kocuria_rhizophila_ATCC_9341_NC_010617.1	643000	789000	0
Kocuria_rhizophila_ATCC_9341_NC_010617.1	789000	790000	3
Kocuria_rhizophila_ATCC_9341_NC_010617.1	790000	911000	0
Kocuria_rhizophila_ATCC_9341_NC_010617.1	911000	912000	3
Kocuria_rhizophila_ATCC_9341_NC_010617.1	912000	1048000	0
Kocuria_rhizophila_ATCC_9341_NC_010617.1	1048000	1049000	1
Kocuria_rhizophila_ATCC_9341_NC_010617.1	1049000	1106000	0
Kocuria_rhizophila_ATCC_9341_NC_010617.1	1106000	1107000	1
Kocuria_rhizophila_ATCC_9341_NC_010617.1	1107000	1231000	0
Kocuria_rhizophila_ATCC_9341_NC_010617.1	1231000	1232000	3
Kocuria_rhizophila_ATCC_9341_NC_010617.1	1232000	1399000	0
Kocuria_rhizophila_ATCC_9341_NC_010617.1	1399000	1400000	2
Kocuria_rhizophila_ATCC_9341_NC_010617.1	1400000	1526000	0
Kocuria_rhizophila_ATCC_9341_NC_010617.1	1526000	1527000	2
Kocuria_rhizophila_ATCC_9341_NC_010617.1	1527000	1681000	0
Kocuria_rhizophila_ATCC_9341_NC_010617.1	1681000	1682000	1
Kocuria_rhizophila_ATCC_9341_NC_010617.1	1682000	1763000	0
Kocuria_rhizophila_ATCC_9341_NC_010617.1	1763000	1764000	1
Kocuria_rhizophila_ATCC_9341_NC_010617.1	1764000	2128000	0
Kocuria_rhizophila_ATCC_9341_NC_010617.1	2128000	2129000	2
Kocuria_rhizophila_ATCC_9341_NC_010617.1	2129000	2407000	0
Kocuria_rhizophila_ATCC_9341_NC_010617.1	2407000	2408000	2
Kocuria_rhizophila_ATCC_9341_NC_010617.1	2408000	2447000	0
Kocuria_rhizophila_ATCC_9341_NC_010617.1	2447000	2448000	1
Kocuria_rhizophila_ATCC_9341_NC_010617.1	2448000	2532000	0
Kocuria_rhizophila_ATCC_9341_NC_010617.1	2532000	2533000	2
Kocuria_rhizophila_ATCC_9341_NC_010617.1	2533000	17819000	0
GCF_000006765.1_ASM676v1_genomic_NC_002516.2	0	1000	172
GCF_000006765.1_ASM676v1_genomic_NC_002516.2	1000	41000	0
GCF_000006765.1_ASM676v1_genomic_NC_002516.2	41000	42000	21
GCF_000006765.1_ASM676v1_genomic_NC_002516.2	42000	44000	0
GCF_000006765.1_ASM676v1_genomic_NC_002516.2	44000	45000	87
GCF_000006765.1_ASM676v1_genomic_NC_002516.2	45000	54000	0
GCF_000006765.1_ASM676v1_genomic_NC_002516.2	54000	55000	8
GCF_000006765.1_ASM676v1_genomic_NC_002516.2	55000	56000	0
GCF_000006765.1_ASM676v1_genomic_NC_002516.2	56000	57000	105
GCF_000006765.1_ASM676v1_genomic_NC_002516.2	57000	69000	0
GCF_000006765.1_ASM676v1_genomic_NC_002516.2	69000	70000	122
GCF_000006765.1_ASM676v1_genomic_NC_002516.2	70000	71000	301
GCF_000006765.1_ASM676v1_genomic_NC_002516.2	71000	72000	222
GCF_000006765.1_ASM676v1_genomic_NC_002516.2	72000	237000	0
GCF_000006765.1_ASM676v1_genomic_NC_002516.2	237000	238000	89
GCF_000006765.1_ASM676v1_genomic_NC_002516.2	238000	264000	0
GCF_000006765.1_ASM676v1_genomic_NC_002516.2	264000	265000	43
GCF_000006765.1_ASM676v1_genomic_NC_002516.2	265000	266000	79
GCF_000006765.1_ASM676v1_genomic_NC_002516.2	266000	286000	0
GCF_000006765.1_ASM676v1_genomic_NC_002516.2	286000	287000	3
GCF_000006765.1_ASM676v1_genomic_NC_002516.2	287000	288000	67
GCF_000006765.1_ASM676v1_genomic_NC_002516.2	288000	297000	0
GCF_000006765.1_ASM676v1_genomic_NC_002516.2	297000	298000	65
GCF_000006765.1_ASM676v1_genomic_NC_002516.2	298000	299000	277
GCF_000006765.1_ASM676v1_genomic_NC_002516.2	299000	370000	0
GCF_000006765.1_ASM676v1_genomic_NC_002516.2	370000	371000	83
GCF_000006765.1_ASM676v1_genomic_NC_002516.2	371000	372000	269
GCF_000006765.1_ASM676v1_genomic_NC_002516.2	372000	373000	36
GCF_000006765.1_ASM676v1_genomic_NC_002516.2	373000	480000	0
GCF_000006765.1_ASM676v1_genomic_NC_002516.2	480000	481000	70
GCF_000006765.1_ASM676v1_genomic_NC_002516.2	481000	501000	0
GCF_000006765.1_ASM676v1_genomic_NC_002516.2	501000	502000	87
GCF_000006765.1_ASM676v1_genomic_NC_002516.2	502000	516000	0
GCF_000006765.1_ASM676v1_genomic_NC_002516.2	516000	517000	42
GCF_000006765.1_ASM676v1_genomic_NC_002516.2	517000	521000	0
GCF_000006765.1_ASM676v1_genomic_NC_002516.2	521000	522000	135
GCF_000006765.1_ASM676v1_genomic_NC_002516.2	522000	523000	117
GCF_000006765.1_ASM676v1_genomic_NC_002516.2	523000	558000	0
GCF_000006765.1_ASM676v1_genomic_NC_002516.2	558000	559000	70
GCF_000006765.1_ASM676v1_genomic_NC_002516.2	559000	560000	212
GCF_000006765.1_ASM676v1_genomic_NC_002516.2	560000	630000	0
GCF_000006765.1_ASM676v1_genomic_NC_002516.2	630000	631000	146
GCF_000006765.1_ASM676v1_genomic_NC_002516.2	631000	655000	0
GCF_000006765.1_ASM676v1_genomic_NC_002516.2	655000	656000	19
GCF_000006765.1_ASM676v1_genomic_NC_002516.2	656000	657000	105
GCF_000006765.1_ASM676v1_genomic_NC_002516.2	657000	681000	0
GCF_000006765.1_ASM676v1_genomic_NC_002516.2	681000	682000	55
GCF_000006765.1_ASM676v1_genomic_NC_002516.2	682000	703000	0
GCF_000006765.1_ASM676v1_genomic_NC_002516.2	703000	704000	128
GCF_000006765.1_ASM676v1_genomic_NC_002516.2	704000	727000	0
GCF_000006765.1_ASM676v1_genomic_NC_002516.2	727000	728000	229
GCF_000006765.1_ASM676v1_genomic_NC_002516.2	728000	729000	133
GCF_000006765.1_ASM676v1_genomic_NC_002516.2	729000	783000	0
GCF_000006765.1_ASM676v1_genomic_NC_002516.2	783000	784000	23
GCF_000006765.1_ASM676v1_genomic_NC_002516.2	784000	789000	0
GCF_000006765.1_ASM676v1_genomic_NC_002516.2	789000	790000	27
GCF_000006765.1_ASM676v1_genomic_NC_002516.2	790000	794000	0
GCF_000006765.1_ASM676v1_genomic_NC_002516.2	794000	795000	177
GCF_000006765.1_ASM676v1_genomic_NC_002516.2	795000	796000	105
GCF_000006765.1_ASM676v1_genomic_NC_002516.2	796000	848000	0
GCF_000006765.1_ASM676v1_genomic_NC_002516.2	848000	849000	121
GCF_000006765.1_ASM676v1_genomic_NC_002516.2	849000	850000	101
GCF_000006765.1_ASM676v1_genomic_NC_002516.2	850000	901000	0
GCF_000006765.1_ASM676v1_genomic_NC_002516.2	901000	902000	147
GCF_000006765.1_ASM676v1_genomic_NC_002516.2	902000	903000	52
GCF_000006765.1_ASM676v1_genomic_NC_002516.2	903000	950000	0
GCF_000006765.1_ASM676v1_genomic_NC_002516.2	950000	951000	43
GCF_000006765.1_ASM676v1_genomic_NC_002516.2	951000	952000	148
GCF_000006765.1_ASM676v1_genomic_NC_002516.2	952000	999000	0
GCF_000006765.1_ASM676v1_genomic_NC_002516.2	999000	1000000	79
GCF_000006765.1_ASM676v1_genomic_NC_002516.2	1000000	1001000	12
GCF_000006765.1_ASM676v1_genomic_NC_002516.2	1001000	1028000	0
GCF_000006765.1_ASM676v1_genomic_NC_002516.2	1028000	1029000	111
GCF_000006765.1_ASM676v1_genomic_NC_002516.2	1029000	1030000	71
GCF_000006765.1_ASM676v1_genomic_NC_002516.2	1030000	1060000	0
GCF_000006765.1_ASM676v1_genomic_NC_002516.2	1060000	1061000	46
GCF_000006765.1_ASM676v1_genomic_NC_002516.2	1061000	1062000	7
GCF_000006765.1_ASM676v1_genomic_NC_002516.2	1062000	1063000	39
GCF_000006765.1_ASM676v1_genomic_NC_002516.2	1063000	1064000	0
GCF_000006765.1_ASM676v1_genomic_NC_002516.2	1064000	1065000	62
GCF_000006765.1_ASM676v1_genomic_NC_002516.2	1065000	1066000	21
GCF_000006765.1_ASM676v1_genomic_NC_002516.2	1066000	1069000	0
GCF_000006765.1_ASM676v1_genomic_NC_002516.2	1069000	1070000	205
GCF_000006765.1_ASM676v1_genomic_NC_002516.2	1070000	1071000	52
GCF_000006765.1_ASM676v1_genomic_NC_002516.2	1071000	1096000	0
GCF_000006765.1_ASM676v1_genomic_NC_002516.2	1096000	1097000	18
GCF_000006765.1_ASM676v1_genomic_NC_002516.2	1097000	1098000	311
GCF_000006765.1_ASM676v1_genomic_NC_002516.2	1098000	1099000	365
GCF_000006765.1_ASM676v1_genomic_NC_002516.2	1099000	1100000	52
GCF_000006765.1_ASM676v1_genomic_NC_002516.2	1100000	1187000	0
GCF_000006765.1_ASM676v1_genomic_NC_002516.2	1187000	1188000	215
GCF_000006765.1_ASM676v1_genomic_NC_002516.2	1188000	1189000	110
GCF_000006765.1_ASM676v1_genomic_NC_002516.2	1189000	1242000	0
GCF_000006765.1_ASM676v1_genomic_NC_002516.2	1242000	1243000	15
GCF_000006765.1_ASM676v1_genomic_NC_002516.2	1243000	1244000	0
GCF_000006765.1_ASM676v1_genomic_NC_002516.2	1244000	1245000	19
GCF_000006765.1_ASM676v1_genomic_NC_002516.2	1245000	1247000	0
GCF_000006765.1_ASM676v1_genomic_NC_002516.2	1247000	1248000	9
GCF_000006765.1_ASM676v1_genomic_NC_002516.2	1248000	1249000	293
GCF_000006765.1_ASM676v1_genomic_NC_002516.2	1249000	1250000	168
GCF_000006765.1_ASM676v1_genomic_NC_002516.2	1250000	1343000	0
GCF_000006765.1_ASM676v1_genomic_NC_002516.2	1343000	1344000	11
GCF_000006765.1_ASM676v1_genomic_NC_002516.2	1344000	1345000	25
GCF_000006765.1_ASM676v1_genomic_NC_002516.2	1345000	1346000	9
GCF_000006765.1_ASM676v1_genomic_NC_002516.2	1346000	1353000	0
GCF_000006765.1_ASM676v1_genomic_NC_002516.2	1353000	1354000	177
GCF_000006765.1_ASM676v1_genomic_NC_002516.2	1354000	1355000	264
GCF_000006765.1_ASM676v1_genomic_NC_002516.2	1355000	1356000	131
GCF_000006765.1_ASM676v1_genomic_NC_002516.2	1356000	1489000	0
GCF_000006765.1_ASM676v1_genomic_NC_002516.2	1489000	1490000	68
GCF_000006765.1_ASM676v1_genomic_NC_002516.2	1490000	1495000	0
GCF_000006765.1_ASM676v1_genomic_NC_002516.2	1495000	1496000	9
GCF_000006765.1_ASM676v1_genomic_NC_002516.2	1496000	1497000	306
GCF_000006765.1_ASM676v1_genomic_NC_002516.2	1497000	1498000	143
GCF_000006765.1_ASM676v1_genomic_NC_002516.2	1498000	1575000	0
GCF_000006765.1_ASM676v1_genomic_NC_002516.2	1575000	1576000	80
GCF_000006765.1_ASM676v1_genomic_NC_002516.2	1576000	1600000	0
GCF_000006765.1_ASM676v1_genomic_NC_002516.2	1600000	1601000	308
GCF_000006765.1_ASM676v1_genomic_NC_002516.2	1601000	1602000	8
GCF_000006765.1_ASM676v1_genomic_NC_002516.2	1602000	1644000	0
GCF_000006765.1_ASM676v1_genomic_NC_002516.2	1644000	1645000	1
GCF_000006765.1_ASM676v1_genomic_NC_002516.2	1645000	1646000	20
GCF_000006765.1_ASM676v1_genomic_NC_002516.2	1646000	1650000	0
GCF_000006765.1_ASM676v1_genomic_NC_002516.2	1650000	1651000	87
GCF_000006765.1_ASM676v1_genomic_NC_002516.2	1651000	1671000	0
GCF_000006765.1_ASM676v1_genomic_NC_002516.2	1671000	1672000	194
GCF_000006765.1_ASM676v1_genomic_NC_002516.2	1672000	1673000	291
GCF_000006765.1_ASM676v1_genomic_NC_002516.2	1673000	1674000	297
GCF_000006765.1_ASM676v1_genomic_NC_002516.2	1674000	1675000	290
GCF_000006765.1_ASM676v1_genomic_NC_002516.2	1675000	1676000	121
GCF_000006765.1_ASM676v1_genomic_NC_002516.2	1676000	1882000	0
GCF_000006765.1_ASM676v1_genomic_NC_002516.2	1882000	1883000	59
GCF_000006765.1_ASM676v1_genomic_NC_002516.2	1883000	1888000	0
GCF_000006765.1_ASM676v1_genomic_NC_002516.2	1888000	1889000	255
GCF_000006765.1_ASM676v1_genomic_NC_002516.2	1889000	1890000	283
GCF_000006765.1_ASM676v1_genomic_NC_002516.2	1890000	1891000	332
GCF_000006765.1_ASM676v1_genomic_NC_002516.2	1891000	2041000	0
GCF_000006765.1_ASM676v1_genomic_NC_002516.2	2041000	2042000	150
GCF_000006765.1_ASM676v1_genomic_NC_002516.2	2042000	2071000	0
GCF_000006765.1_ASM676v1_genomic_NC_002516.2	2071000	2072000	41
GCF_000006765.1_ASM676v1_genomic_NC_002516.2	2072000	2076000	0
GCF_000006765.1_ASM676v1_genomic_NC_002516.2	2076000	2077000	14
GCF_000006765.1_ASM676v1_genomic_NC_002516.2	2077000	2078000	239
GCF_000006765.1_ASM676v1_genomic_NC_002516.2	2078000	2118000	0
GCF_000006765.1_ASM676v1_genomic_NC_002516.2	2118000	2119000	9
GCF_000006765.1_ASM676v1_genomic_NC_002516.2	2119000	2122000	0
GCF_000006765.1_ASM676v1_genomic_NC_002516.2	2122000	2123000	149
GCF_000006765.1_ASM676v1_genomic_NC_002516.2	2123000	2124000	140
GCF_000006765.1_ASM676v1_genomic_NC_002516.2	2124000	2170000	0
GCF_000006765.1_ASM676v1_genomic_NC_002516.2	2170000	2171000	5
GCF_000006765.1_ASM676v1_genomic_NC_002516.2	2171000	2172000	151
GCF_000006765.1_ASM676v1_genomic_NC_002516.2	2172000	2173000	9
GCF_000006765.1_ASM676v1_genomic_NC_002516.2	2173000	2217000	0
GCF_000006765.1_ASM676v1_genomic_NC_002516.2	2217000	2218000	52
GCF_000006765.1_ASM676v1_genomic_NC_002516.2	2218000	2229000	0
GCF_000006765.1_ASM676v1_genomic_NC_002516.2	2229000	2230000	256
GCF_000006765.1_ASM676v1_genomic_NC_002516.2	2230000	2231000	40
GCF_000006765.1_ASM676v1_genomic_NC_002516.2	2231000	2279000	0
GCF_000006765.1_ASM676v1_genomic_NC_002516.2	2279000	2280000	46
GCF_000006765.1_ASM676v1_genomic_NC_002516.2	2280000	2281000	128
GCF_000006765.1_ASM676v1_genomic_NC_002516.2	2281000	2318000	0
GCF_000006765.1_ASM676v1_genomic_NC_002516.2	2318000	2319000	230
GCF_000006765.1_ASM676v1_genomic_NC_002516.2	2319000	2320000	264
GCF_000006765.1_ASM676v1_genomic_NC_002516.2	2320000	2321000	46
GCF_000006765.1_ASM676v1_genomic_NC_002516.2	2321000	2451000	0
GCF_000006765.1_ASM676v1_genomic_NC_002516.2	2451000	2452000	109
GCF_000006765.1_ASM676v1_genomic_NC_002516.2	2452000	2453000	26
GCF_000006765.1_ASM676v1_genomic_NC_002516.2	2453000	2486000	0
GCF_000006765.1_ASM676v1_genomic_NC_002516.2	2486000	2487000	133
GCF_000006765.1_ASM676v1_genomic_NC_002516.2	2487000	2522000	0
GCF_000006765.1_ASM676v1_genomic_NC_002516.2	2522000	2523000	118
GCF_000006765.1_ASM676v1_genomic_NC_002516.2	2523000	2544000	0
GCF_000006765.1_ASM676v1_genomic_NC_002516.2	2544000	2545000	95
GCF_000006765.1_ASM676v1_genomic_NC_002516.2	2545000	2546000	16
GCF_000006765.1_ASM676v1_genomic_NC_002516.2	2546000	2556000	0
GCF_000006765.1_ASM676v1_genomic_NC_002516.2	2556000	2557000	3
GCF_000006765.1_ASM676v1_genomic_NC_002516.2	2557000	2558000	0
GCF_000006765.1_ASM676v1_genomic_NC_002516.2	2558000	2559000	45
GCF_000006765.1_ASM676v1_genomic_NC_002516.2	2559000	2560000	18
GCF_000006765.1_ASM676v1_genomic_NC_002516.2	2560000	2570000	0
GCF_000006765.1_ASM676v1_genomic_NC_002516.2	2570000	2571000	150
GCF_000006765.1_ASM676v1_genomic_NC_002516.2	2571000	2572000	295
GCF_000006765.1_ASM676v1_genomic_NC_002516.2	2572000	2641000	0
GCF_000006765.1_ASM676v1_genomic_NC_002516.2	2641000	2642000	164
GCF_000006765.1_ASM676v1_genomic_NC_002516.2	2642000	2648000	0
GCF_000006765.1_ASM676v1_genomic_NC_002516.2	2648000	2649000	260
GCF_000006765.1_ASM676v1_genomic_NC_002516.2	2649000	2672000	0
GCF_000006765.1_ASM676v1_genomic_NC_002516.2	2672000	2673000	119
GCF_000006765.1_ASM676v1_genomic_NC_002516.2	2673000	2682000	0
GCF_000006765.1_ASM676v1_genomic_NC_002516.2	2682000	2683000	138
GCF_000006765.1_ASM676v1_genomic_NC_002516.2	2683000	2684000	179
GCF_000006765.1_ASM676v1_genomic_NC_002516.2	2684000	2685000	39
GCF_000006765.1_ASM676v1_genomic_NC_002516.2	2685000	2707000	0
GCF_000006765.1_ASM676v1_genomic_NC_002516.2	2707000	2708000	97
GCF_000006765.1_ASM676v1_genomic_NC_002516.2	2708000	2723000	0
GCF_000006765.1_ASM676v1_genomic_NC_002516.2	2723000	2724000	210
GCF_000006765.1_ASM676v1_genomic_NC_002516.2	2724000	2725000	22
GCF_000006765.1_ASM676v1_genomic_NC_002516.2	2725000	2757000	0
GCF_000006765.1_ASM676v1_genomic_NC_002516.2	2757000	2758000	25
GCF_000006765.1_ASM676v1_genomic_NC_002516.2	2758000	2759000	0
GCF_000006765.1_ASM676v1_genomic_NC_002516.2	2759000	2760000	10
GCF_000006765.1_ASM676v1_genomic_NC_002516.2	2760000	2761000	0
GCF_000006765.1_ASM676v1_genomic_NC_002516.2	2761000	2762000	26
GCF_000006765.1_ASM676v1_genomic_NC_002516.2	2762000	2763000	67
GCF_000006765.1_ASM676v1_genomic_NC_002516.2	2763000	2767000	0
GCF_000006765.1_ASM676v1_genomic_NC_002516.2	2767000	2768000	87
GCF_000006765.1_ASM676v1_genomic_NC_002516.2	2768000	2780000	0
GCF_000006765.1_ASM676v1_genomic_NC_002516.2	2780000	2781000	119
GCF_000006765.1_ASM676v1_genomic_NC_002516.2	2781000	2803000	0
GCF_000006765.1_ASM676v1_genomic_NC_002516.2	2803000	2804000	135
GCF_000006765.1_ASM676v1_genomic_NC_002516.2	2804000	2805000	177
GCF_000006765.1_ASM676v1_genomic_NC_002516.2	2805000	2877000	0
GCF_000006765.1_ASM676v1_genomic_NC_002516.2	2877000	2878000	176
GCF_000006765.1_ASM676v1_genomic_NC_002516.2	2878000	2915000	0
GCF_000006765.1_ASM676v1_genomic_NC_002516.2	2915000	2916000	76
GCF_000006765.1_ASM676v1_genomic_NC_002516.2	2916000	2936000	0
GCF_000006765.1_ASM676v1_genomic_NC_002516.2	2936000	2937000	32
GCF_000006765.1_ASM676v1_genomic_NC_002516.2	2937000	2947000	0
GCF_000006765.1_ASM676v1_genomic_NC_002516.2	2947000	2948000	105
GCF_000006765.1_ASM676v1_genomic_NC_002516.2	2948000	2949000	245
GCF_000006765.1_ASM676v1_genomic_NC_002516.2	2949000	3044000	0
GCF_000006765.1_ASM676v1_genomic_NC_002516.2	3044000	3045000	42
GCF_000006765.1_ASM676v1_genomic_NC_002516.2	3045000	3046000	191
GCF_000006765.1_ASM676v1_genomic_NC_002516.2	3046000	3087000	0
GCF_000006765.1_ASM676v1_genomic_NC_002516.2	3087000	3088000	7
GCF_000006765.1_ASM676v1_genomic_NC_002516.2	3088000	3099000	0
GCF_000006765.1_ASM676v1_genomic_NC_002516.2	3099000	3100000	150
GCF_000006765.1_ASM676v1_genomic_NC_002516.2	3100000	3118000	0
GCF_000006765.1_ASM676v1_genomic_NC_002516.2	3118000	3119000	90
GCF_000006765.1_ASM676v1_genomic_NC_002516.2	3119000	3120000	72
GCF_000006765.1_ASM676v1_genomic_NC_002516.2	3120000	3148000	0
GCF_000006765.1_ASM676v1_genomic_NC_002516.2	3148000	3149000	128
GCF_000006765.1_ASM676v1_genomic_NC_002516.2	3149000	3173000	0
GCF_000006765.1_ASM676v1_genomic_NC_002516.2	3173000	3174000	134
GCF_000006765.1_ASM676v1_genomic_NC_002516.2	3174000	3175000	288
GCF_000006765.1_ASM676v1_genomic_NC_002516.2	3175000	3176000	279
GCF_000006765.1_ASM676v1_genomic_NC_002516.2	3176000	3177000	95
GCF_000006765.1_ASM676v1_genomic_NC_002516.2	3177000	3369000	0
GCF_000006765.1_ASM676v1_genomic_NC_002516.2	3369000	3370000	179
GCF_000006765.1_ASM676v1_genomic_NC_002516.2	3370000	3407000	0
GCF_000006765.1_ASM676v1_genomic_NC_002516.2	3407000	3408000	143
GCF_000006765.1_ASM676v1_genomic_NC_002516.2	3408000	3409000	129
GCF_000006765.1_ASM676v1_genomic_NC_002516.2	3409000	3475000	0
GCF_000006765.1_ASM676v1_genomic_NC_002516.2	3475000	3476000	75
GCF_000006765.1_ASM676v1_genomic_NC_002516.2	3476000	3477000	119
GCF_000006765.1_ASM676v1_genomic_NC_002516.2	3477000	3547000	0
GCF_000006765.1_ASM676v1_genomic_NC_002516.2	3547000	3548000	89
GCF_000006765.1_ASM676v1_genomic_NC_002516.2	3548000	3549000	25
GCF_000006765.1_ASM676v1_genomic_NC_002516.2	3549000	3575000	0
GCF_000006765.1_ASM676v1_genomic_NC_002516.2	3575000	3576000	3
GCF_000006765.1_ASM676v1_genomic_NC_002516.2	3576000	3577000	0
GCF_000006765.1_ASM676v1_genomic_NC_002516.2	3577000	3578000	101
GCF_000006765.1_ASM676v1_genomic_NC_002516.2	3578000	3618000	0
GCF_000006765.1_ASM676v1_genomic_NC_002516.2	3618000	3619000	107
GCF_000006765.1_ASM676v1_genomic_NC_002516.2	3619000	3620000	251
GCF_000006765.1_ASM676v1_genomic_NC_002516.2	3620000	3684000	0
GCF_000006765.1_ASM676v1_genomic_NC_002516.2	3684000	3685000	131
GCF_000006765.1_ASM676v1_genomic_NC_002516.2	3685000	3686000	227
GCF_000006765.1_ASM676v1_genomic_NC_002516.2	3686000	3778000	0
GCF_000006765.1_ASM676v1_genomic_NC_002516.2	3778000	3779000	104
GCF_000006765.1_ASM676v1_genomic_NC_002516.2	3779000	3780000	114
GCF_000006765.1_ASM676v1_genomic_NC_002516.2	3780000	3812000	0
GCF_000006765.1_ASM676v1_genomic_NC_002516.2	3812000	3813000	49
GCF_000006765.1_ASM676v1_genomic_NC_002516.2	3813000	3814000	108
GCF_000006765.1_ASM676v1_genomic_NC_002516.2	3814000	3843000	0
GCF_000006765.1_ASM676v1_genomic_NC_002516.2	3843000	3844000	120
GCF_000006765.1_ASM676v1_genomic_NC_002516.2	3844000	3845000	48
GCF_000006765.1_ASM676v1_genomic_NC_002516.2	3845000	3874000	0
GCF_000006765.1_ASM676v1_genomic_NC_002516.2	3874000	3875000	97
GCF_000006765.1_ASM676v1_genomic_NC_002516.2	3875000	3876000	3
GCF_000006765.1_ASM676v1_genomic_NC_002516.2	3876000	3907000	0
GCF_000006765.1_ASM676v1_genomic_NC_002516.2	3907000	3908000	23
GCF_000006765.1_ASM676v1_genomic_NC_002516.2	3908000	3930000	0
GCF_000006765.1_ASM676v1_genomic_NC_002516.2	3930000	3931000	69
GCF_000006765.1_ASM676v1_genomic_NC_002516.2	3931000	3932000	1
GCF_000006765.1_ASM676v1_genomic_NC_002516.2	3932000	3948000	0
GCF_000006765.1_ASM676v1_genomic_NC_002516.2	3948000	3949000	180
GCF_000006765.1_ASM676v1_genomic_NC_002516.2	3949000	4008000	0
GCF_000006765.1_ASM676v1_genomic_NC_002516.2	4008000	4009000	16
GCF_000006765.1_ASM676v1_genomic_NC_002516.2	4009000	4010000	282
GCF_000006765.1_ASM676v1_genomic_NC_002516.2	4010000	4011000	278
GCF_000006765.1_ASM676v1_genomic_NC_002516.2	4011000	4012000	208
GCF_000006765.1_ASM676v1_genomic_NC_002516.2	4012000	4225000	0
GCF_000006765.1_ASM676v1_genomic_NC_002516.2	4225000	4226000	98
GCF_000006765.1_ASM676v1_genomic_NC_002516.2	4226000	4227000	126
GCF_000006765.1_ASM676v1_genomic_NC_002516.2	4227000	4281000	0
GCF_000006765.1_ASM676v1_genomic_NC_002516.2	4281000	4282000	83
GCF_000006765.1_ASM676v1_genomic_NC_002516.2	4282000	4283000	80
GCF_000006765.1_ASM676v1_genomic_NC_002516.2	4283000	4309000	0
GCF_000006765.1_ASM676v1_genomic_NC_002516.2	4309000	4310000	7
GCF_000006765.1_ASM676v1_genomic_NC_002516.2	4310000	4311000	69
GCF_000006765.1_ASM676v1_genomic_NC_002516.2	4311000	4312000	15
GCF_000006765.1_ASM676v1_genomic_NC_002516.2	4312000	4333000	0
GCF_000006765.1_ASM676v1_genomic_NC_002516.2	4333000	4334000	163
GCF_000006765.1_ASM676v1_genomic_NC_002516.2	4334000	4377000	0
GCF_000006765.1_ASM676v1_genomic_NC_002516.2	4377000	4378000	279
GCF_000006765.1_ASM676v1_genomic_NC_002516.2	4378000	4379000	24
GCF_000006765.1_ASM676v1_genomic_NC_002516.2	4379000	4474000	0
GCF_000006765.1_ASM676v1_genomic_NC_002516.2	4474000	4475000	22
GCF_000006765.1_ASM676v1_genomic_NC_002516.2	4475000	4476000	73
GCF_000006765.1_ASM676v1_genomic_NC_002516.2	4476000	4503000	0
GCF_000006765.1_ASM676v1_genomic_NC_002516.2	4503000	4504000	56
GCF_000006765.1_ASM676v1_genomic_NC_002516.2	4504000	4528000	0
GCF_000006765.1_ASM676v1_genomic_NC_002516.2	4528000	4529000	79
GCF_000006765.1_ASM676v1_genomic_NC_002516.2	4529000	4530000	36
GCF_000006765.1_ASM676v1_genomic_NC_002516.2	4530000	4554000	0
GCF_000006765.1_ASM676v1_genomic_NC_002516.2	4554000	4555000	208
GCF_000006765.1_ASM676v1_genomic_NC_002516.2	4555000	4556000	310
GCF_000006765.1_ASM676v1_genomic_NC_002516.2	4556000	4557000	75
GCF_000006765.1_ASM676v1_genomic_NC_002516.2	4557000	4658000	0
GCF_000006765.1_ASM676v1_genomic_NC_002516.2	4658000	4659000	79
GCF_000006765.1_ASM676v1_genomic_NC_002516.2	4659000	4672000	0
GCF_000006765.1_ASM676v1_genomic_NC_002516.2	4672000	4673000	20
GCF_000006765.1_ASM676v1_genomic_NC_002516.2	4673000	4674000	177
GCF_000006765.1_ASM676v1_genomic_NC_002516.2	4674000	4720000	0
GCF_000006765.1_ASM676v1_genomic_NC_002516.2	4720000	4721000	280
GCF_000006765.1_ASM676v1_genomic_NC_002516.2	4721000	4722000	60
GCF_000006765.1_ASM676v1_genomic_NC_002516.2	4722000	4794000	0
GCF_000006765.1_ASM676v1_genomic_NC_002516.2	4794000	4795000	221
GCF_000006765.1_ASM676v1_genomic_NC_002516.2	4795000	4833000	0
GCF_000006765.1_ASM676v1_genomic_NC_002516.2	4833000	4834000	8
GCF_000006765.1_ASM676v1_genomic_NC_002516.2	4834000	4837000	0
GCF_000006765.1_ASM676v1_genomic_NC_002516.2	4837000	4838000	17
GCF_000006765.1_ASM676v1_genomic_NC_002516.2	4838000	4839000	0
GCF_000006765.1_ASM676v1_genomic_NC_002516.2	4839000	4840000	79
GCF_000006765.1_ASM676v1_genomic_NC_002516.2	4840000	4858000	0
GCF_000006765.1_ASM676v1_genomic_NC_002516.2	4858000	4859000	166
GCF_000006765.1_ASM676v1_genomic_NC_002516.2	4859000	4860000	276
GCF_000006765.1_ASM676v1_genomic_NC_002516.2	4860000	4861000	312
GCF_000006765.1_ASM676v1_genomic_NC_002516.2	4861000	4862000	255
GCF_000006765.1_ASM676v1_genomic_NC_002516.2	4862000	5050000	0
GCF_000006765.1_ASM676v1_genomic_NC_002516.2	5050000	5051000	24
GCF_000006765.1_ASM676v1_genomic_NC_002516.2	5051000	5055000	0
GCF_000006765.1_ASM676v1_genomic_NC_002516.2	5055000	5056000	100
GCF_000006765.1_ASM676v1_genomic_NC_002516.2	5056000	5072000	0
GCF_000006765.1_ASM676v1_genomic_NC_002516.2	5072000	5073000	149
GCF_000006765.1_ASM676v1_genomic_NC_002516.2	5073000	5086000	0
GCF_000006765.1_ASM676v1_genomic_NC_002516.2	5086000	5087000	21
GCF_000006765.1_ASM676v1_genomic_NC_002516.2	5087000	5088000	25
GCF_000006765.1_ASM676v1_genomic_NC_002516.2	5088000	5101000	0
GCF_000006765.1_ASM676v1_genomic_NC_002516.2	5101000	5102000	246
GCF_000006765.1_ASM676v1_genomic_NC_002516.2	5102000	5103000	223
GCF_000006765.1_ASM676v1_genomic_NC_002516.2	5103000	5189000	0
GCF_000006765.1_ASM676v1_genomic_NC_002516.2	5189000	5190000	201
GCF_000006765.1_ASM676v1_genomic_NC_002516.2	5190000	5220000	0
GCF_000006765.1_ASM676v1_genomic_NC_002516.2	5220000	5221000	18
GCF_000006765.1_ASM676v1_genomic_NC_002516.2	5221000	5222000	41
GCF_000006765.1_ASM676v1_genomic_NC_002516.2	5222000	5241000	0
GCF_000006765.1_ASM676v1_genomic_NC_002516.2	5241000	5242000	46
GCF_000006765.1_ASM676v1_genomic_NC_002516.2	5242000	5243000	84
GCF_000006765.1_ASM676v1_genomic_NC_002516.2	5243000	5260000	0
GCF_000006765.1_ASM676v1_genomic_NC_002516.2	5260000	5261000	132
GCF_000006765.1_ASM676v1_genomic_NC_002516.2	5261000	5269000	0
GCF_000006765.1_ASM676v1_genomic_NC_002516.2	5269000	5270000	72
GCF_000006765.1_ASM676v1_genomic_NC_002516.2	5270000	5271000	161
GCF_000006765.1_ASM676v1_genomic_NC_002516.2	5271000	5320000	0
GCF_000006765.1_ASM676v1_genomic_NC_002516.2	5320000	5321000	146
GCF_000006765.1_ASM676v1_genomic_NC_002516.2	5321000	5361000	0
GCF_000006765.1_ASM676v1_genomic_NC_002516.2	5361000	5362000	56
GCF_000006765.1_ASM676v1_genomic_NC_002516.2	5362000	5383000	0
GCF_000006765.1_ASM676v1_genomic_NC_002516.2	5383000	5384000	30
GCF_000006765.1_ASM676v1_genomic_NC_002516.2	5384000	5385000	220
GCF_000006765.1_ASM676v1_genomic_NC_002516.2	5385000	5455000	0
GCF_000006765.1_ASM676v1_genomic_NC_002516.2	5455000	5456000	220
GCF_000006765.1_ASM676v1_genomic_NC_002516.2	5456000	5457000	292
GCF_000006765.1_ASM676v1_genomic_NC_002516.2	5457000	5458000	157
GCF_000006765.1_ASM676v1_genomic_NC_002516.2	5458000	5612000	0
GCF_000006765.1_ASM676v1_genomic_NC_002516.2	5612000	5613000	217
GCF_000006765.1_ASM676v1_genomic_NC_002516.2	5613000	5614000	287
GCF_000006765.1_ASM676v1_genomic_NC_002516.2	5614000	5615000	80
GCF_000006765.1_ASM676v1_genomic_NC_002516.2	5615000	5726000	0
GCF_000006765.1_ASM676v1_genomic_NC_002516.2	5726000	5727000	75
GCF_000006765.1_ASM676v1_genomic_NC_002516.2	5727000	5728000	191
GCF_000006765.1_ASM676v1_genomic_NC_002516.2	5728000	5729000	177
GCF_000006765.1_ASM676v1_genomic_NC_002516.2	5729000	5798000	0
GCF_000006765.1_ASM676v1_genomic_NC_002516.2	5798000	5799000	121
GCF_000006765.1_ASM676v1_genomic_NC_002516.2	5799000	5800000	294
GCF_000006765.1_ASM676v1_genomic_NC_002516.2	5800000	5801000	162
GCF_000006765.1_ASM676v1_genomic_NC_002516.2	5801000	5915000	0
GCF_000006765.1_ASM676v1_genomic_NC_002516.2	5915000	5916000	50
GCF_000006765.1_ASM676v1_genomic_NC_002516.2	5916000	5930000	0
GCF_000006765.1_ASM676v1_genomic_NC_002516.2	5930000	5931000	71
GCF_000006765.1_ASM676v1_genomic_NC_002516.2	5931000	5932000	281
GCF_000006765.1_ASM676v1_genomic_NC_002516.2	5932000	5933000	91
GCF_000006765.1_ASM676v1_genomic_NC_002516.2	5933000	6039000	0
GCF_000006765.1_ASM676v1_genomic_NC_002516.2	6039000	6040000	26
GCF_000006765.1_ASM676v1_genomic_NC_002516.2	6040000	6045000	0
GCF_000006765.1_ASM676v1_genomic_NC_002516.2	6045000	6046000	164
GCF_000006765.1_ASM676v1_genomic_NC_002516.2	6046000	6084000	0
GCF_000006765.1_ASM676v1_genomic_NC_002516.2	6084000	6085000	53
GCF_000006765.1_ASM676v1_genomic_NC_002516.2	6085000	6090000	0
GCF_000006765.1_ASM676v1_genomic_NC_002516.2	6090000	6091000	29
GCF_000006765.1_ASM676v1_genomic_NC_002516.2	6091000	6092000	343
GCF_000006765.1_ASM676v1_genomic_NC_002516.2	6092000	6093000	230
GCF_000006765.1_ASM676v1_genomic_NC_002516.2	6093000	6185000	0
GCF_000006765.1_ASM676v1_genomic_NC_002516.2	6185000	6186000	6
GCF_000006765.1_ASM676v1_genomic_NC_002516.2	6186000	6187000	0
GCF_000006765.1_ASM676v1_genomic_NC_002516.2	6187000	6188000	33
GCF_000006765.1_ASM676v1_genomic_NC_002516.2	6188000	6189000	99
GCF_000006765.1_ASM676v1_genomic_NC_002516.2	6189000	6209000	0
GCF_000006765.1_ASM676v1_genomic_NC_002516.2	6209000	6210000	151
GCF_000006765.1_ASM676v1_genomic_NC_002516.2	6210000	6211000	31
GCF_000006765.1_ASM676v1_genomic_NC_002516.2	6211000	6241000	0
GCF_000006765.1_ASM676v1_genomic_NC_002516.2	6241000	6242000	68
GCF_000006765.1_ASM676v1_genomic_NC_002516.2	6242000	6243000	38
GCF_000006765.1_ASM676v1_genomic_NC_002516.2	6243000	6260000	0
GCF_000006765.1_ASM676v1_genomic_NC_002516.2	6260000	6261000	8
GCF_000006765.1_ASM676v1_genomic_NC_002516.2	6261000	17819000	0
GCF_000005845.2_ASM584v2_genomic_NC_000913.3	0	68000	0
GCF_000005845.2_ASM584v2_genomic_NC_000913.3	68000	69000	1
GCF_000005845.2_ASM584v2_genomic_NC_000913.3	69000	225000	0
GCF_000005845.2_ASM584v2_genomic_NC_000913.3	225000	226000	7
GCF_000005845.2_ASM584v2_genomic_NC_000913.3	226000	228000	0
GCF_000005845.2_ASM584v2_genomic_NC_000913.3	228000	229000	4
GCF_000005845.2_ASM584v2_genomic_NC_000913.3	229000	258000	0
GCF_000005845.2_ASM584v2_genomic_NC_000913.3	258000	259000	6
GCF_000005845.2_ASM584v2_genomic_NC_000913.3	259000	526000	0
GCF_000005845.2_ASM584v2_genomic_NC_000913.3	526000	527000	1
GCF_000005845.2_ASM584v2_genomic_NC_000913.3	527000	575000	0
GCF_000005845.2_ASM584v2_genomic_NC_000913.3	575000	576000	29
GCF_000005845.2_ASM584v2_genomic_NC_000913.3	576000	733000	0
GCF_000005845.2_ASM584v2_genomic_NC_000913.3	733000	734000	55
GCF_000005845.2_ASM584v2_genomic_NC_000913.3	734000	781000	0
GCF_000005845.2_ASM584v2_genomic_NC_000913.3	781000	782000	10
GCF_000005845.2_ASM584v2_genomic_NC_000913.3	782000	1209000	0
GCF_000005845.2_ASM584v2_genomic_NC_000913.3	1209000	1210000	16
GCF_000005845.2_ASM584v2_genomic_NC_000913.3	1210000	1286000	0
GCF_000005845.2_ASM584v2_genomic_NC_000913.3	1286000	1287000	9
GCF_000005845.2_ASM584v2_genomic_NC_000913.3	1287000	1300000	0
GCF_000005845.2_ASM584v2_genomic_NC_000913.3	1300000	1301000	1
GCF_000005845.2_ASM584v2_genomic_NC_000913.3	1301000	1397000	0
GCF_000005845.2_ASM584v2_genomic_NC_000913.3	1397000	1398000	42
GCF_000005845.2_ASM584v2_genomic_NC_000913.3	1398000	1531000	0
GCF_000005845.2_ASM584v2_genomic_NC_000913.3	1531000	1532000	11
GCF_000005845.2_ASM584v2_genomic_NC_000913.3	1532000	1651000	0
GCF_000005845.2_ASM584v2_genomic_NC_000913.3	1651000	1652000	1
GCF_000005845.2_ASM584v2_genomic_NC_000913.3	1652000	1979000	0
GCF_000005845.2_ASM584v2_genomic_NC_000913.3	1979000	1980000	1
GCF_000005845.2_ASM584v2_genomic_NC_000913.3	1980000	2304000	0
GCF_000005845.2_ASM584v2_genomic_NC_000913.3	2304000	2305000	4
GCF_000005845.2_ASM584v2_genomic_NC_000913.3	2305000	2521000	0
GCF_000005845.2_ASM584v2_genomic_NC_000913.3	2521000	2522000	1
GCF_000005845.2_ASM584v2_genomic_NC_000913.3	2522000	2770000	0
GCF_000005845.2_ASM584v2_genomic_NC_000913.3	2770000	2771000	2
GCF_000005845.2_ASM584v2_genomic_NC_000913.3	2771000	2845000	0
GCF_000005845.2_ASM584v2_genomic_NC_000913.3	2845000	2846000	1
GCF_000005845.2_ASM584v2_genomic_NC_000913.3	2846000	3471000	0
GCF_000005845.2_ASM584v2_genomic_NC_000913.3	3471000	3472000	1
GCF_000005845.2_ASM584v2_genomic_NC_000913.3	3472000	3765000	0
GCF_000005845.2_ASM584v2_genomic_NC_000913.3	3765000	3766000	21
GCF_000005845.2_ASM584v2_genomic_NC_000913.3	3766000	3946000	0
GCF_000005845.2_ASM584v2_genomic_NC_000913.3	3946000	3947000	1
GCF_000005845.2_ASM584v2_genomic_NC_000913.3	3947000	4040000	0
GCF_000005845.2_ASM584v2_genomic_NC_000913.3	4040000	4041000	2
GCF_000005845.2_ASM584v2_genomic_NC_000913.3	4041000	4213000	0
GCF_000005845.2_ASM584v2_genomic_NC_000913.3	4213000	4214000	10
GCF_000005845.2_ASM584v2_genomic_NC_000913.3	4214000	4392000	0
GCF_000005845.2_ASM584v2_genomic_NC_000913.3	4392000	4393000	2
GCF_000005845.2_ASM584v2_genomic_NC_000913.3	4393000	17819000	0
