NC_000964.3_NC_000964.3	0	35000	0
NC_000964.3_NC_000964.3	35000	36000	1
NC_000964.3_NC_000964.3	36000	101000	0
NC_000964.3_NC_000964.3	101000	102000	1
NC_000964.3_NC_000964.3	102000	165000	0
NC_000964.3_NC_000964.3	165000	166000	1
NC_000964.3_NC_000964.3	166000	176000	0
NC_000964.3_NC_000964.3	176000	177000	4
NC_000964.3_NC_000964.3	177000	260000	0
NC_000964.3_NC_000964.3	260000	261000	50
NC_000964.3_NC_000964.3	261000	637000	0
NC_000964.3_NC_000964.3	637000	638000	1
NC_000964.3_NC_000964.3	638000	640000	0
NC_000964.3_NC_000964.3	640000	641000	2
NC_000964.3_NC_000964.3	641000	952000	0
NC_000964.3_NC_000964.3	952000	953000	12
NC_000964.3_NC_000964.3	953000	1967000	0
NC_000964.3_NC_000964.3	1967000	1968000	38
NC_000964.3_NC_000964.3	1968000	1996000	0
NC_000964.3_NC_000964.3	1996000	1997000	4
NC_000964.3_NC_000964.3	1997000	2286000	0
NC_000964.3_NC_000964.3	2286000	2287000	17
NC_000964.3_NC_000964.3	2287000	3178000	0
NC_000964.3_NC_000964.3	3178000	3179000	32
NC_000964.3_NC_000964.3	3179000	17819000	0
Kocuria_rhizophila_ATCC_9341_NC_010617.1	0	298000	0
Kocuria_rhizophila_ATCC_9341_NC_010617.1	298000	299000	2
Kocuria_rhizophila_ATCC_9341_NC_010617.1	299000	545000	0
Kocuria_rhizophila_ATCC_9341_NC_010617.1	545000	546000	2
Kocuria_rhizophila_ATCC_9341_NC_010617.1	546000	789000	0
Kocuria_rhizophila_ATCC_9341_NC_010617.1	789000	790000	1
Kocuria_rhizophila_ATCC_9341_NC_010617.1	790000	865000	0
Kocuria_rhizophila_ATCC_9341_NC_010617.1	865000	866000	15
Kocuria_rhizophila_ATCC_9341_NC_010617.1	866000	1570000	0
Kocuria_rhizophila_ATCC_9341_NC_010617.1	1570000	1571000	1
Kocuria_rhizophila_ATCC_9341_NC_010617.1	1571000	1635000	0
Kocuria_rhizophila_ATCC_9341_NC_010617.1	1635000	1636000	1
Kocuria_rhizophila_ATCC_9341_NC_010617.1	1636000	1818000	0
Kocuria_rhizophila_ATCC_9341_NC_010617.1	1818000	1819000	1
Kocuria_rhizophila_ATCC_9341_NC_010617.1	1819000	2128000	0
Kocuria_rhizophila_ATCC_9341_NC_010617.1	2128000	2129000	3
Kocuria_rhizophila_ATCC_9341_NC_010617.1	2129000	2407000	0
Kocuria_rhizophila_ATCC_9341_NC_010617.1	2407000	2408000	5
Kocuria_rhizophila_ATCC_9341_NC_010617.1	2408000	17819000	0
GCF_000006765.1_ASM676v1_genomic_NC_002516.2	0	1000	172
GCF_000006765.1_ASM676v1_genomic_NC_002516.2	1000	41000	0
GCF_000006765.1_ASM676v1_genomic_NC_002516.2	41000	42000	22
GCF_000006765.1_ASM676v1_genomic_NC_002516.2	42000	44000	0
GCF_000006765.1_ASM676v1_genomic_NC_002516.2	44000	45000	86
GCF_000006765.1_ASM676v1_genomic_NC_002516.2	45000	54000	0
GCF_000006765.1_ASM676v1_genomic_NC_002516.2	54000	55000	8
GCF_000006765.1_ASM676v1_genomic_NC_002516.2	55000	56000	0
GCF_000006765.1_ASM676v1_genomic_NC_002516.2	56000	57000	105
GCF_000006765.1_ASM676v1_genomic_NC_002516.2	57000	69000	0
GCF_000006765.1_ASM676v1_genomic_NC_002516.2	69000	70000	122
GCF_000006765.1_ASM676v1_genomic_NC_002516.2	70000	71000	301
GCF_000006765.1_ASM676v1_genomic_NC_002516.2	71000	72000	222
GCF_000006765.1_ASM676v1_genomic_NC_002516.2	72000	237000	0
GCF_000006765.1_ASM676v1_genomic_NC_002516.2	237000	238000	67
GCF_000006765.1_ASM676v1_genomic_NC_002516.2	238000	260000	0
GCF_000006765.1_ASM676v1_genomic_NC_002516.2	260000	261000	9
GCF_000006765.1_ASM676v1_genomic_NC_002516.2	261000	264000	0
GCF_000006765.1_ASM676v1_genomic_NC_002516.2	264000	265000	43
GCF_000006765.1_ASM676v1_genomic_NC_002516.2	265000	266000	79
GCF_000006765.1_ASM676v1_genomic_NC_002516.2	266000	286000	0
GCF_000006765.1_ASM676v1_genomic_NC_002516.2	286000	287000	30
GCF_000006765.1_ASM676v1_genomic_NC_002516.2	287000	297000	0
GCF_000006765.1_ASM676v1_genomic_NC_002516.2	297000	298000	147
GCF_000006765.1_ASM676v1_genomic_NC_002516.2	298000	299000	200
GCF_000006765.1_ASM676v1_genomic_NC_002516.2	299000	370000	0
GCF_000006765.1_ASM676v1_genomic_NC_002516.2	370000	371000	83
GCF_000006765.1_ASM676v1_genomic_NC_002516.2	371000	372000	269
GCF_000006765.1_ASM676v1_genomic_NC_002516.2	372000	373000	106
GCF_000006765.1_ASM676v1_genomic_NC_002516.2	373000	499000	0
GCF_000006765.1_ASM676v1_genomic_NC_002516.2	499000	500000	3
GCF_000006765.1_ASM676v1_genomic_NC_002516.2	500000	501000	0
GCF_000006765.1_ASM676v1_genomic_NC_002516.2	501000	502000	87
GCF_000006765.1_ASM676v1_genomic_NC_002516.2	502000	516000	0
GCF_000006765.1_ASM676v1_genomic_NC_002516.2	516000	517000	42
GCF_000006765.1_ASM676v1_genomic_NC_002516.2	517000	521000	0
GCF_000006765.1_ASM676v1_genomic_NC_002516.2	521000	522000	135
GCF_000006765.1_ASM676v1_genomic_NC_002516.2	522000	523000	117
GCF_000006765.1_ASM676v1_genomic_NC_002516.2	523000	558000	0
GCF_000006765.1_ASM676v1_genomic_NC_002516.2	558000	559000	70
GCF_000006765.1_ASM676v1_genomic_NC_002516.2	559000	560000	212
GCF_000006765.1_ASM676v1_genomic_NC_002516.2	560000	630000	0
GCF_000006765.1_ASM676v1_genomic_NC_002516.2	630000	631000	146
GCF_000006765.1_ASM676v1_genomic_NC_002516.2	631000	655000	0
GCF_000006765.1_ASM676v1_genomic_NC_002516.2	655000	656000	19
GCF_000006765.1_ASM676v1_genomic_NC_002516.2	656000	657000	105
GCF_000006765.1_ASM676v1_genomic_NC_002516.2	657000	681000	0
GCF_000006765.1_ASM676v1_genomic_NC_002516.2	681000	682000	55
GCF_000006765.1_ASM676v1_genomic_NC_002516.2	682000	703000	0
GCF_000006765.1_ASM676v1_genomic_NC_002516.2	703000	704000	128
GCF_000006765.1_ASM676v1_genomic_NC_002516.2	704000	727000	0
GCF_000006765.1_ASM676v1_genomic_NC_002516.2	727000	728000	229
GCF_000006765.1_ASM676v1_genomic_NC_002516.2	728000	729000	146
GCF_000006765.1_ASM676v1_genomic_NC_002516.2	729000	789000	0
GCF_000006765.1_ASM676v1_genomic_NC_002516.2	789000	790000	16
GCF_000006765.1_ASM676v1_genomic_NC_002516.2	790000	794000	0
GCF_000006765.1_ASM676v1_genomic_NC_002516.2	794000	795000	177
GCF_000006765.1_ASM676v1_genomic_NC_002516.2	795000	796000	282
GCF_000006765.1_ASM676v1_genomic_NC_002516.2	796000	797000	45
GCF_000006765.1_ASM676v1_genomic_NC_002516.2	797000	901000	0
GCF_000006765.1_ASM676v1_genomic_NC_002516.2	901000	902000	147
GCF_000006765.1_ASM676v1_genomic_NC_002516.2	902000	903000	52
GCF_000006765.1_ASM676v1_genomic_NC_002516.2	903000	950000	0
GCF_000006765.1_ASM676v1_genomic_NC_002516.2	950000	951000	43
GCF_000006765.1_ASM676v1_genomic_NC_002516.2	951000	952000	102
GCF_000006765.1_ASM676v1_genomic_NC_002516.2	952000	991000	0
GCF_000006765.1_ASM676v1_genomic_NC_002516.2	991000	992000	7
GCF_000006765.1_ASM676v1_genomic_NC_002516.2	992000	993000	0
GCF_000006765.1_ASM676v1_genomic_NC_002516.2	993000	994000	36
GCF_000006765.1_ASM676v1_genomic_NC_002516.2	994000	999000	0
GCF_000006765.1_ASM676v1_genomic_NC_002516.2	999000	1000000	79
GCF_000006765.1_ASM676v1_genomic_NC_002516.2	1000000	1001000	192
GCF_000006765.1_ASM676v1_genomic_NC_002516.2	1001000	1060000	0
GCF_000006765.1_ASM676v1_genomic_NC_002516.2	1060000	1061000	46
GCF_000006765.1_ASM676v1_genomic_NC_002516.2	1061000	1062000	7
GCF_000006765.1_ASM676v1_genomic_NC_002516.2	1062000	1063000	39
GCF_000006765.1_ASM676v1_genomic_NC_002516.2	1063000	1064000	0
GCF_000006765.1_ASM676v1_genomic_NC_002516.2	1064000	1065000	62
GCF_000006765.1_ASM676v1_genomic_NC_002516.2	1065000	1066000	21
GCF_000006765.1_ASM676v1_genomic_NC_002516.2	1066000	1069000	0
GCF_000006765.1_ASM676v1_genomic_NC_002516.2	1069000	1070000	205
GCF_000006765.1_ASM676v1_genomic_NC_002516.2	1070000	1071000	52
GCF_000006765.1_ASM676v1_genomic_NC_002516.2	1071000	1096000	0
GCF_000006765.1_ASM676v1_genomic_NC_002516.2	1096000	1097000	18
GCF_000006765.1_ASM676v1_genomic_NC_002516.2	1097000	1098000	311
GCF_000006765.1_ASM676v1_genomic_NC_002516.2	1098000	1099000	365
GCF_000006765.1_ASM676v1_genomic_NC_002516.2	1099000	1100000	52
GCF_000006765.1_ASM676v1_genomic_NC_002516.2	1100000	1187000	0
GCF_000006765.1_ASM676v1_genomic_NC_002516.2	1187000	1188000	215
GCF_000006765.1_ASM676v1_genomic_NC_002516.2	1188000	1189000	110
GCF_000006765.1_ASM676v1_genomic_NC_002516.2	1189000	1242000	0
GCF_000006765.1_ASM676v1_genomic_NC_002516.2	1242000	1243000	15
GCF_000006765.1_ASM676v1_genomic_NC_002516.2	1243000	1244000	0
GCF_000006765.1_ASM676v1_genomic_NC_002516.2	1244000	1245000	19
GCF_000006765.1_ASM676v1_genomic_NC_002516.2	1245000	1247000	0
GCF_000006765.1_ASM676v1_genomic_NC_002516.2	1247000	1248000	9
GCF_000006765.1_ASM676v1_genomic_NC_002516.2	1248000	1249000	293
GCF_000006765.1_ASM676v1_genomic_NC_002516.2	1249000	1250000	168
GCF_000006765.1_ASM676v1_genomic_NC_002516.2	1250000	1343000	0
GCF_000006765.1_ASM676v1_genomic_NC_002516.2	1343000	1344000	184
GCF_000006765.1_ASM676v1_genomic_NC_002516.2	1344000	1345000	279
GCF_000006765.1_ASM676v1_genomic_NC_002516.2	1345000	1346000	151
GCF_000006765.1_ASM676v1_genomic_NC_002516.2	1346000	1489000	0
GCF_000006765.1_ASM676v1_genomic_NC_002516.2	1489000	1490000	68
GCF_000006765.1_ASM676v1_genomic_NC_002516.2	1490000	1495000	0
GCF_000006765.1_ASM676v1_genomic_NC_002516.2	1495000	1496000	9
GCF_000006765.1_ASM676v1_genomic_NC_002516.2	1496000	1497000	306
GCF_000006765.1_ASM676v1_genomic_NC_002516.2	1497000	1498000	218
GCF_000006765.1_ASM676v1_genomic_NC_002516.2	1498000	1600000	0
GCF_000006765.1_ASM676v1_genomic_NC_002516.2	1600000	1601000	296
GCF_000006765.1_ASM676v1_genomic_NC_002516.2	1601000	1641000	0
GCF_000006765.1_ASM676v1_genomic_NC_002516.2	1641000	1642000	18
GCF_000006765.1_ASM676v1_genomic_NC_002516.2	1642000	1645000	0
GCF_000006765.1_ASM676v1_genomic_NC_002516.2	1645000	1646000	107
GCF_000006765.1_ASM676v1_genomic_NC_002516.2	1646000	1671000	0
GCF_000006765.1_ASM676v1_genomic_NC_002516.2	1671000	1672000	194
GCF_000006765.1_ASM676v1_genomic_NC_002516.2	1672000	1673000	290
GCF_000006765.1_ASM676v1_genomic_NC_002516.2	1673000	1674000	297
GCF_000006765.1_ASM676v1_genomic_NC_002516.2	1674000	1675000	290
GCF_000006765.1_ASM676v1_genomic_NC_002516.2	1675000	1676000	122
GCF_000006765.1_ASM676v1_genomic_NC_002516.2	1676000	1882000	0
GCF_000006765.1_ASM676v1_genomic_NC_002516.2	1882000	1883000	166
GCF_000006765.1_ASM676v1_genomic_NC_002516.2	1883000	1884000	287
GCF_000006765.1_ASM676v1_genomic_NC_002516.2	1884000	1885000	289
GCF_000006765.1_ASM676v1_genomic_NC_002516.2	1885000	1886000	185
GCF_000006765.1_ASM676v1_genomic_NC_002516.2	1886000	2041000	0
GCF_000006765.1_ASM676v1_genomic_NC_002516.2	2041000	2042000	150
GCF_000006765.1_ASM676v1_genomic_NC_002516.2	2042000	2076000	0
GCF_000006765.1_ASM676v1_genomic_NC_002516.2	2076000	2077000	14
GCF_000006765.1_ASM676v1_genomic_NC_002516.2	2077000	2078000	239
GCF_000006765.1_ASM676v1_genomic_NC_002516.2	2078000	2118000	0
GCF_000006765.1_ASM676v1_genomic_NC_002516.2	2118000	2119000	9
GCF_000006765.1_ASM676v1_genomic_NC_002516.2	2119000	2122000	0
GCF_000006765.1_ASM676v1_genomic_NC_002516.2	2122000	2123000	149
GCF_000006765.1_ASM676v1_genomic_NC_002516.2	2123000	2124000	289
GCF_000006765.1_ASM676v1_genomic_NC_002516.2	2124000	2125000	66
GCF_000006765.1_ASM676v1_genomic_NC_002516.2	2125000	2229000	0
GCF_000006765.1_ASM676v1_genomic_NC_002516.2	2229000	2230000	256
GCF_000006765.1_ASM676v1_genomic_NC_002516.2	2230000	2231000	40
GCF_000006765.1_ASM676v1_genomic_NC_002516.2	2231000	2279000	0
GCF_000006765.1_ASM676v1_genomic_NC_002516.2	2279000	2280000	46
GCF_000006765.1_ASM676v1_genomic_NC_002516.2	2280000	2281000	128
GCF_000006765.1_ASM676v1_genomic_NC_002516.2	2281000	2318000	0
GCF_000006765.1_ASM676v1_genomic_NC_002516.2	2318000	2319000	230
GCF_000006765.1_ASM676v1_genomic_NC_002516.2	2319000	2320000	264
GCF_000006765.1_ASM676v1_genomic_NC_002516.2	2320000	2321000	46
GCF_000006765.1_ASM676v1_genomic_NC_002516.2	2321000	2451000	0
GCF_000006765.1_ASM676v1_genomic_NC_002516.2	2451000	2452000	109
GCF_000006765.1_ASM676v1_genomic_NC_002516.2	2452000	2453000	26
GCF_000006765.1_ASM676v1_genomic_NC_002516.2	2453000	2486000	0
GCF_000006765.1_ASM676v1_genomic_NC_002516.2	2486000	2487000	133
GCF_000006765.1_ASM676v1_genomic_NC_002516.2	2487000	2522000	0
GCF_000006765.1_ASM676v1_genomic_NC_002516.2	2522000	2523000	163
GCF_000006765.1_ASM676v1_genomic_NC_002516.2	2523000	2524000	60
GCF_000006765.1_ASM676v1_genomic_NC_002516.2	2524000	2558000	0
GCF_000006765.1_ASM676v1_genomic_NC_002516.2	2558000	2559000	69
GCF_000006765.1_ASM676v1_genomic_NC_002516.2	2559000	2560000	300
GCF_000006765.1_ASM676v1_genomic_NC_002516.2	2560000	2561000	141
GCF_000006765.1_ASM676v1_genomic_NC_002516.2	2561000	2641000	0
GCF_000006765.1_ASM676v1_genomic_NC_002516.2	2641000	2642000	164
GCF_000006765.1_ASM676v1_genomic_NC_002516.2	2642000	2648000	0
GCF_000006765.1_ASM676v1_genomic_NC_002516.2	2648000	2649000	260
GCF_000006765.1_ASM676v1_genomic_NC_002516.2	2649000	2672000	0
GCF_000006765.1_ASM676v1_genomic_NC_002516.2	2672000	2673000	119
GCF_000006765.1_ASM676v1_genomic_NC_002516.2	2673000	2682000	0
GCF_000006765.1_ASM676v1_genomic_NC_002516.2	2682000	2683000	138
GCF_000006765.1_ASM676v1_genomic_NC_002516.2	2683000	2684000	179
GCF_000006765.1_ASM676v1_genomic_NC_002516.2	2684000	2685000	39
GCF_000006765.1_ASM676v1_genomic_NC_002516.2	2685000	2707000	0
GCF_000006765.1_ASM676v1_genomic_NC_002516.2	2707000	2708000	97
GCF_000006765.1_ASM676v1_genomic_NC_002516.2	2708000	2723000	0
GCF_000006765.1_ASM676v1_genomic_NC_002516.2	2723000	2724000	215
GCF_000006765.1_ASM676v1_genomic_NC_002516.2	2724000	2725000	25
GCF_000006765.1_ASM676v1_genomic_NC_002516.2	2725000	2757000	0
GCF_000006765.1_ASM676v1_genomic_NC_002516.2	2757000	2758000	25
GCF_000006765.1_ASM676v1_genomic_NC_002516.2	2758000	2759000	0
GCF_000006765.1_ASM676v1_genomic_NC_002516.2	2759000	2760000	10
GCF_000006765.1_ASM676v1_genomic_NC_002516.2	2760000	2761000	0
GCF_000006765.1_ASM676v1_genomic_NC_002516.2	2761000	2762000	26
GCF_000006765.1_ASM676v1_genomic_NC_002516.2	2762000	2763000	67
GCF_000006765.1_ASM676v1_genomic_NC_002516.2	2763000	2767000	0
GCF_000006765.1_ASM676v1_genomic_NC_002516.2	2767000	2768000	86
GCF_000006765.1_ASM676v1_genomic_NC_002516.2	2768000	2780000	0
GCF_000006765.1_ASM676v1_genomic_NC_002516.2	2780000	2781000	119
GCF_000006765.1_ASM676v1_genomic_NC_002516.2	2781000	2803000	0
GCF_000006765.1_ASM676v1_genomic_NC_002516.2	2803000	2804000	135
GCF_000006765.1_ASM676v1_genomic_NC_002516.2	2804000	2805000	283
GCF_000006765.1_ASM676v1_genomic_NC_002516.2	2805000	2806000	143
GCF_000006765.1_ASM676v1_genomic_NC_002516.2	2806000	2936000	0
GCF_000006765.1_ASM676v1_genomic_NC_002516.2	2936000	2937000	32
GCF_000006765.1_ASM676v1_genomic_NC_002516.2	2937000	2947000	0
GCF_000006765.1_ASM676v1_genomic_NC_002516.2	2947000	2948000	105
GCF_000006765.1_ASM676v1_genomic_NC_002516.2	2948000	2949000	245
GCF_000006765.1_ASM676v1_genomic_NC_002516.2	2949000	3044000	0
GCF_000006765.1_ASM676v1_genomic_NC_002516.2	3044000	3045000	42
GCF_000006765.1_ASM676v1_genomic_NC_002516.2	3045000	3046000	191
GCF_000006765.1_ASM676v1_genomic_NC_002516.2	3046000	3087000	0
GCF_000006765.1_ASM676v1_genomic_NC_002516.2	3087000	3088000	7
GCF_000006765.1_ASM676v1_genomic_NC_002516.2	3088000	3099000	0
GCF_000006765.1_ASM676v1_genomic_NC_002516.2	3099000	3100000	211
GCF_000006765.1_ASM676v1_genomic_NC_002516.2	3100000	3101000	99
GCF_000006765.1_ASM676v1_genomic_NC_002516.2	3101000	3148000	0
GCF_000006765.1_ASM676v1_genomic_NC_002516.2	3148000	3149000	128
GCF_000006765.1_ASM676v1_genomic_NC_002516.2	3149000	3173000	0
GCF_000006765.1_ASM676v1_genomic_NC_002516.2	3173000	3174000	59
GCF_000006765.1_ASM676v1_genomic_NC_002516.2	3174000	3175000	292
GCF_000006765.1_ASM676v1_genomic_NC_002516.2	3175000	3176000	278
GCF_000006765.1_ASM676v1_genomic_NC_002516.2	3176000	3177000	276
GCF_000006765.1_ASM676v1_genomic_NC_002516.2	3177000	3178000	287
GCF_000006765.1_ASM676v1_genomic_NC_002516.2	3178000	3179000	45
GCF_000006765.1_ASM676v1_genomic_NC_002516.2	3179000	3475000	0
GCF_000006765.1_ASM676v1_genomic_NC_002516.2	3475000	3476000	75
GCF_000006765.1_ASM676v1_genomic_NC_002516.2	3476000	3477000	119
GCF_000006765.1_ASM676v1_genomic_NC_002516.2	3477000	3547000	0
GCF_000006765.1_ASM676v1_genomic_NC_002516.2	3547000	3548000	89
GCF_000006765.1_ASM676v1_genomic_NC_002516.2	3548000	3549000	25
GCF_000006765.1_ASM676v1_genomic_NC_002516.2	3549000	3575000	0
GCF_000006765.1_ASM676v1_genomic_NC_002516.2	3575000	3576000	3
GCF_000006765.1_ASM676v1_genomic_NC_002516.2	3576000	3577000	0
GCF_000006765.1_ASM676v1_genomic_NC_002516.2	3577000	3578000	81
GCF_000006765.1_ASM676v1_genomic_NC_002516.2	3578000	3603000	0
GCF_000006765.1_ASM676v1_genomic_NC_002516.2	3603000	3604000	20
GCF_000006765.1_ASM676v1_genomic_NC_002516.2	3604000	3618000	0
GCF_000006765.1_ASM676v1_genomic_NC_002516.2	3618000	3619000	107
GCF_000006765.1_ASM676v1_genomic_NC_002516.2	3619000	3620000	254
GCF_000006765.1_ASM676v1_genomic_NC_002516.2	3620000	3684000	0
GCF_000006765.1_ASM676v1_genomic_NC_002516.2	3684000	3685000	131
GCF_000006765.1_ASM676v1_genomic_NC_002516.2	3685000	3686000	227
GCF_000006765.1_ASM676v1_genomic_NC_002516.2	3686000	3778000	0
GCF_000006765.1_ASM676v1_genomic_NC_002516.2	3778000	3779000	104
GCF_000006765.1_ASM676v1_genomic_NC_002516.2	3779000	3780000	114
GCF_000006765.1_ASM676v1_genomic_NC_002516.2	3780000	3812000	0
GCF_000006765.1_ASM676v1_genomic_NC_002516.2	3812000	3813000	49
GCF_000006765.1_ASM676v1_genomic_NC_002516.2	3813000	3814000	108
GCF_000006765.1_ASM676v1_genomic_NC_002516.2	3814000	3843000	0
GCF_000006765.1_ASM676v1_genomic_NC_002516.2	3843000	3844000	120
GCF_000006765.1_ASM676v1_genomic_NC_002516.2	3844000	3845000	48
GCF_000006765.1_ASM676v1_genomic_NC_002516.2	3845000	3874000	0
GCF_000006765.1_ASM676v1_genomic_NC_002516.2	3874000	3875000	97
GCF_000006765.1_ASM676v1_genomic_NC_002516.2	3875000	3876000	3
GCF_000006765.1_ASM676v1_genomic_NC_002516.2	3876000	3907000	0
GCF_000006765.1_ASM676v1_genomic_NC_002516.2	3907000	3908000	23
GCF_000006765.1_ASM676v1_genomic_NC_002516.2	3908000	3930000	0
GCF_000006765.1_ASM676v1_genomic_NC_002516.2	3930000	3931000	69
GCF_000006765.1_ASM676v1_genomic_NC_002516.2	3931000	3932000	174
GCF_000006765.1_ASM676v1_genomic_NC_002516.2	3932000	4008000	0
GCF_000006765.1_ASM676v1_genomic_NC_002516.2	4008000	4009000	16
GCF_000006765.1_ASM676v1_genomic_NC_002516.2	4009000	4010000	282
GCF_000006765.1_ASM676v1_genomic_NC_002516.2	4010000	4011000	278
GCF_000006765.1_ASM676v1_genomic_NC_002516.2	4011000	4012000	208
GCF_000006765.1_ASM676v1_genomic_NC_002516.2	4012000	4225000	0
GCF_000006765.1_ASM676v1_genomic_NC_002516.2	4225000	4226000	98
GCF_000006765.1_ASM676v1_genomic_NC_002516.2	4226000	4227000	126
GCF_000006765.1_ASM676v1_genomic_NC_002516.2	4227000	4281000	0
GCF_000006765.1_ASM676v1_genomic_NC_002516.2	4281000	4282000	82
GCF_000006765.1_ASM676v1_genomic_NC_002516.2	4282000	4283000	31
GCF_000006765.1_ASM676v1_genomic_NC_002516.2	4283000	4298000	0
GCF_000006765.1_ASM676v1_genomic_NC_002516.2	4298000	4299000	140
GCF_000006765.1_ASM676v1_genomic_NC_002516.2	4299000	4309000	0
GCF_000006765.1_ASM676v1_genomic_NC_002516.2	4309000	4310000	7
GCF_000006765.1_ASM676v1_genomic_NC_002516.2	4310000	4333000	0
GCF_000006765.1_ASM676v1_genomic_NC_002516.2	4333000	4334000	163
GCF_000006765.1_ASM676v1_genomic_NC_002516.2	4334000	4377000	0
GCF_000006765.1_ASM676v1_genomic_NC_002516.2	4377000	4378000	279
GCF_000006765.1_ASM676v1_genomic_NC_002516.2	4378000	4379000	24
GCF_000006765.1_ASM676v1_genomic_NC_002516.2	4379000	4474000	0
GCF_000006765.1_ASM676v1_genomic_NC_002516.2	4474000	4475000	22
GCF_000006765.1_ASM676v1_genomic_NC_002516.2	4475000	4476000	139
GCF_000006765.1_ASM676v1_genomic_NC_002516.2	4476000	4528000	0
GCF_000006765.1_ASM676v1_genomic_NC_002516.2	4528000	4529000	60
GCF_000006765.1_ASM676v1_genomic_NC_002516.2	4529000	4530000	53
GCF_000006765.1_ASM676v1_genomic_NC_002516.2	4530000	4554000	0
GCF_000006765.1_ASM676v1_genomic_NC_002516.2	4554000	4555000	208
GCF_000006765.1_ASM676v1_genomic_NC_002516.2	4555000	4556000	310
GCF_000006765.1_ASM676v1_genomic_NC_002516.2	4556000	4557000	75
GCF_000006765.1_ASM676v1_genomic_NC_002516.2	4557000	4658000	0
GCF_000006765.1_ASM676v1_genomic_NC_002516.2	4658000	4659000	79
GCF_000006765.1_ASM676v1_genomic_NC_002516.2	4659000	4672000	0
GCF_000006765.1_ASM676v1_genomic_NC_002516.2	4672000	4673000	20
GCF_000006765.1_ASM676v1_genomic_NC_002516.2	4673000	4674000	177
GCF_000006765.1_ASM676v1_genomic_NC_002516.2	4674000	4714000	0
GCF_000006765.1_ASM676v1_genomic_NC_002516.2	4714000	4715000	51
GCF_000006765.1_ASM676v1_genomic_NC_002516.2	4715000	4720000	0
GCF_000006765.1_ASM676v1_genomic_NC_002516.2	4720000	4721000	281
GCF_000006765.1_ASM676v1_genomic_NC_002516.2	4721000	4722000	68
GCF_000006765.1_ASM676v1_genomic_NC_002516.2	4722000	4794000	0
GCF_000006765.1_ASM676v1_genomic_NC_002516.2	4794000	4795000	221
GCF_000006765.1_ASM676v1_genomic_NC_002516.2	4795000	4833000	0
GCF_000006765.1_ASM676v1_genomic_NC_002516.2	4833000	4834000	8
GCF_000006765.1_ASM676v1_genomic_NC_002516.2	4834000	4837000	0
GCF_000006765.1_ASM676v1_genomic_NC_002516.2	4837000	4838000	97
GCF_000006765.1_ASM676v1_genomic_NC_002516.2	4838000	4858000	0
GCF_000006765.1_ASM676v1_genomic_NC_002516.2	4858000	4859000	166
GCF_000006765.1_ASM676v1_genomic_NC_002516.2	4859000	4860000	147
GCF_000006765.1_ASM676v1_genomic_NC_002516.2	4860000	4962000	0
GCF_000006765.1_ASM676v1_genomic_NC_002516.2	4962000	4963000	216
GCF_000006765.1_ASM676v1_genomic_NC_002516.2	4963000	4964000	358
GCF_000006765.1_ASM676v1_genomic_NC_002516.2	4964000	4965000	122
GCF_000006765.1_ASM676v1_genomic_NC_002516.2	4965000	5050000	0
GCF_000006765.1_ASM676v1_genomic_NC_002516.2	5050000	5051000	24
GCF_000006765.1_ASM676v1_genomic_NC_002516.2	5051000	5055000	0
GCF_000006765.1_ASM676v1_genomic_NC_002516.2	5055000	5056000	100
GCF_000006765.1_ASM676v1_genomic_NC_002516.2	5056000	5072000	0
GCF_000006765.1_ASM676v1_genomic_NC_002516.2	5072000	5073000	149
GCF_000006765.1_ASM676v1_genomic_NC_002516.2	5073000	5086000	0
GCF_000006765.1_ASM676v1_genomic_NC_002516.2	5086000	5087000	21
GCF_000006765.1_ASM676v1_genomic_NC_002516.2	5087000	5088000	25
GCF_000006765.1_ASM676v1_genomic_NC_002516.2	5088000	5101000	0
GCF_000006765.1_ASM676v1_genomic_NC_002516.2	5101000	5102000	246
GCF_000006765.1_ASM676v1_genomic_NC_002516.2	5102000	5103000	280
GCF_000006765.1_ASM676v1_genomic_NC_002516.2	5103000	5189000	0
GCF_000006765.1_ASM676v1_genomic_NC_002516.2	5189000	5190000	248
GCF_000006765.1_ASM676v1_genomic_NC_002516.2	5190000	5191000	11
GCF_000006765.1_ASM676v1_genomic_NC_002516.2	5191000	5241000	0
GCF_000006765.1_ASM676v1_genomic_NC_002516.2	5241000	5242000	46
GCF_000006765.1_ASM676v1_genomic_NC_002516.2	5242000	5243000	84
GCF_000006765.1_ASM676v1_genomic_NC_002516.2	5243000	5260000	0
GCF_000006765.1_ASM676v1_genomic_NC_002516.2	5260000	5261000	132
GCF_000006765.1_ASM676v1_genomic_NC_002516.2	5261000	5269000	0
GCF_000006765.1_ASM676v1_genomic_NC_002516.2	5269000	5270000	72
GCF_000006765.1_ASM676v1_genomic_NC_002516.2	5270000	5271000	282
GCF_000006765.1_ASM676v1_genomic_NC_002516.2	5271000	5272000	24
GCF_000006765.1_ASM676v1_genomic_NC_002516.2	5272000	5361000	0
GCF_000006765.1_ASM676v1_genomic_NC_002516.2	5361000	5362000	56
GCF_000006765.1_ASM676v1_genomic_NC_002516.2	5362000	5383000	0
GCF_000006765.1_ASM676v1_genomic_NC_002516.2	5383000	5384000	30
GCF_000006765.1_ASM676v1_genomic_NC_002516.2	5384000	5385000	220
GCF_000006765.1_ASM676v1_genomic_NC_002516.2	5385000	5455000	0
GCF_000006765.1_ASM676v1_genomic_NC_002516.2	5455000	5456000	220
GCF_000006765.1_ASM676v1_genomic_NC_002516.2	5456000	5457000	292
GCF_000006765.1_ASM676v1_genomic_NC_002516.2	5457000	5458000	157
GCF_000006765.1_ASM676v1_genomic_NC_002516.2	5458000	5612000	0
GCF_000006765.1_ASM676v1_genomic_NC_002516.2	5612000	5613000	217
GCF_000006765.1_ASM676v1_genomic_NC_002516.2	5613000	5614000	287
GCF_000006765.1_ASM676v1_genomic_NC_002516.2	5614000	5615000	78
GCF_000006765.1_ASM676v1_genomic_NC_002516.2	5615000	5726000	0
GCF_000006765.1_ASM676v1_genomic_NC_002516.2	5726000	5727000	75
GCF_000006765.1_ASM676v1_genomic_NC_002516.2	5727000	5728000	191
GCF_000006765.1_ASM676v1_genomic_NC_002516.2	5728000	5729000	177
GCF_000006765.1_ASM676v1_genomic_NC_002516.2	5729000	5798000	0
GCF_000006765.1_ASM676v1_genomic_NC_002516.2	5798000	5799000	121
GCF_000006765.1_ASM676v1_genomic_NC_002516.2	5799000	5800000	294
GCF_000006765.1_ASM676v1_genomic_NC_002516.2	5800000	5801000	163
GCF_000006765.1_ASM676v1_genomic_NC_002516.2	5801000	5915000	0
GCF_000006765.1_ASM676v1_genomic_NC_002516.2	5915000	5916000	50
GCF_000006765.1_ASM676v1_genomic_NC_002516.2	5916000	5930000	0
GCF_000006765.1_ASM676v1_genomic_NC_002516.2	5930000	5931000	71
GCF_000006765.1_ASM676v1_genomic_NC_002516.2	5931000	5932000	281
GCF_000006765.1_ASM676v1_genomic_NC_002516.2	5932000	5933000	91
GCF_000006765.1_ASM676v1_genomic_NC_002516.2	5933000	6039000	0
GCF_000006765.1_ASM676v1_genomic_NC_002516.2	6039000	6040000	26
GCF_000006765.1_ASM676v1_genomic_NC_002516.2	6040000	6045000	0
GCF_000006765.1_ASM676v1_genomic_NC_002516.2	6045000	6046000	210
GCF_000006765.1_ASM676v1_genomic_NC_002516.2	6046000	6090000	0
GCF_000006765.1_ASM676v1_genomic_NC_002516.2	6090000	6091000	29
GCF_000006765.1_ASM676v1_genomic_NC_002516.2	6091000	6092000	338
GCF_000006765.1_ASM676v1_genomic_NC_002516.2	6092000	6093000	237
GCF_000006765.1_ASM676v1_genomic_NC_002516.2	6093000	6188000	0
GCF_000006765.1_ASM676v1_genomic_NC_002516.2	6188000	6189000	121
GCF_000006765.1_ASM676v1_genomic_NC_002516.2	6189000	6209000	0
GCF_000006765.1_ASM676v1_genomic_NC_002516.2	6209000	6210000	151
GCF_000006765.1_ASM676v1_genomic_NC_002516.2	6210000	6211000	31
GCF_000006765.1_ASM676v1_genomic_NC_002516.2	6211000	6241000	0
GCF_000006765.1_ASM676v1_genomic_NC_002516.2	6241000	6242000	68
GCF_000006765.1_ASM676v1_genomic_NC_002516.2	6242000	6243000	42
GCF_000006765.1_ASM676v1_genomic_NC_002516.2	6243000	17819000	0
GCF_000005845.2_ASM584v2_genomic_NC_000913.3	0	20000	0
GCF_000005845.2_ASM584v2_genomic_NC_000913.3	20000	21000	1
GCF_000005845.2_ASM584v2_genomic_NC_000913.3	21000	228000	0
GCF_000005845.2_ASM584v2_genomic_NC_000913.3	228000	229000	4
GCF_000005845.2_ASM584v2_genomic_NC_000913.3	229000	526000	0
GCF_000005845.2_ASM584v2_genomic_NC_000913.3	526000	527000	1
GCF_000005845.2_ASM584v2_genomic_NC_000913.3	527000	575000	0
GCF_000005845.2_ASM584v2_genomic_NC_000913.3	575000	576000	18
GCF_000005845.2_ASM584v2_genomic_NC_000913.3	576000	733000	0
GCF_000005845.2_ASM584v2_genomic_NC_000913.3	733000	734000	63
GCF_000005845.2_ASM584v2_genomic_NC_000913.3	734000	915000	0
GCF_000005845.2_ASM584v2_genomic_NC_000913.3	915000	916000	1
GCF_000005845.2_ASM584v2_genomic_NC_000913.3	916000	1050000	0
GCF_000005845.2_ASM584v2_genomic_NC_000913.3	1050000	1051000	1
GCF_000005845.2_ASM584v2_genomic_NC_000913.3	1051000	1209000	0
GCF_000005845.2_ASM584v2_genomic_NC_000913.3	1209000	1210000	21
GCF_000005845.2_ASM584v2_genomic_NC_000913.3	1210000	1300000	0
GCF_000005845.2_ASM584v2_genomic_NC_000913.3	1300000	1301000	1
GCF_000005845.2_ASM584v2_genomic_NC_000913.3	1301000	1397000	0
GCF_000005845.2_ASM584v2_genomic_NC_000913.3	1397000	1398000	4
GCF_000005845.2_ASM584v2_genomic_NC_000913.3	1398000	1434000	0
GCF_000005845.2_ASM584v2_genomic_NC_000913.3	1434000	1435000	23
GCF_000005845.2_ASM584v2_genomic_NC_000913.3	1435000	1529000	0
GCF_000005845.2_ASM584v2_genomic_NC_000913.3	1529000	1530000	7
GCF_000005845.2_ASM584v2_genomic_NC_000913.3	1530000	1632000	0
GCF_000005845.2_ASM584v2_genomic_NC_000913.3	1632000	1633000	2
GCF_000005845.2_ASM584v2_genomic_NC_000913.3	1633000	1634000	0
GCF_000005845.2_ASM584v2_genomic_NC_000913.3	1634000	1635000	10
GCF_000005845.2_ASM584v2_genomic_NC_000913.3	1635000	1651000	0
GCF_000005845.2_ASM584v2_genomic_NC_000913.3	1651000	1652000	1
GCF_000005845.2_ASM584v2_genomic_NC_000913.3	1652000	1708000	0
GCF_000005845.2_ASM584v2_genomic_NC_000913.3	1708000	1709000	5
GCF_000005845.2_ASM584v2_genomic_NC_000913.3	1709000	1979000	0
GCF_000005845.2_ASM584v2_genomic_NC_000913.3	1979000	1980000	1
GCF_000005845.2_ASM584v2_genomic_NC_000913.3	1980000	2171000	0
GCF_000005845.2_ASM584v2_genomic_NC_000913.3	2171000	2172000	1
GCF_000005845.2_ASM584v2_genomic_NC_000913.3	2172000	2304000	0
GCF_000005845.2_ASM584v2_genomic_NC_000913.3	2304000	2305000	8
GCF_000005845.2_ASM584v2_genomic_NC_000913.3	2305000	2515000	0
GCF_000005845.2_ASM584v2_genomic_NC_000913.3	2515000	2516000	3
GCF_000005845.2_ASM584v2_genomic_NC_000913.3	2516000	2521000	0
GCF_000005845.2_ASM584v2_genomic_NC_000913.3	2521000	2522000	8
GCF_000005845.2_ASM584v2_genomic_NC_000913.3	2522000	2731000	0
GCF_000005845.2_ASM584v2_genomic_NC_000913.3	2731000	2732000	2
GCF_000005845.2_ASM584v2_genomic_NC_000913.3	2732000	2818000	0
GCF_000005845.2_ASM584v2_genomic_NC_000913.3	2818000	2819000	17
GCF_000005845.2_ASM584v2_genomic_NC_000913.3	2819000	3366000	0
GCF_000005845.2_ASM584v2_genomic_NC_000913.3	3366000	3367000	5
GCF_000005845.2_ASM584v2_genomic_NC_000913.3	3367000	3471000	0
GCF_000005845.2_ASM584v2_genomic_NC_000913.3	3471000	3472000	1
GCF_000005845.2_ASM584v2_genomic_NC_000913.3	3472000	3622000	0
GCF_000005845.2_ASM584v2_genomic_NC_000913.3	3622000	3623000	9
GCF_000005845.2_ASM584v2_genomic_NC_000913.3	3623000	3666000	0
GCF_000005845.2_ASM584v2_genomic_NC_000913.3	3666000	3667000	11
GCF_000005845.2_ASM584v2_genomic_NC_000913.3	3667000	3765000	0
GCF_000005845.2_ASM584v2_genomic_NC_000913.3	3765000	3766000	15
GCF_000005845.2_ASM584v2_genomic_NC_000913.3	3766000	3946000	0
GCF_000005845.2_ASM584v2_genomic_NC_000913.3	3946000	3947000	1
GCF_000005845.2_ASM584v2_genomic_NC_000913.3	3947000	4040000	0
GCF_000005845.2_ASM584v2_genomic_NC_000913.3	4040000	4041000	7
GCF_000005845.2_ASM584v2_genomic_NC_000913.3	4041000	4176000	0
GCF_000005845.2_ASM584v2_genomic_NC_000913.3	4176000	4177000	1
GCF_000005845.2_ASM584v2_genomic_NC_000913.3	4177000	4213000	0
GCF_000005845.2_ASM584v2_genomic_NC_000913.3	4213000	4214000	10
GCF_000005845.2_ASM584v2_genomic_NC_000913.3	4214000	4392000	0
GCF_000005845.2_ASM584v2_genomic_NC_000913.3	4392000	4393000	2
GCF_000005845.2_ASM584v2_genomic_NC_000913.3	4393000	17819000	0
