NC_000964.3_NC_000964.3	0	69000	0
NC_000964.3_NC_000964.3	69000	70000	1
NC_000964.3_NC_000964.3	70000	101000	0
NC_000964.3_NC_000964.3	101000	102000	1
NC_000964.3_NC_000964.3	102000	176000	0
NC_000964.3_NC_000964.3	176000	177000	4
NC_000964.3_NC_000964.3	177000	260000	0
NC_000964.3_NC_000964.3	260000	261000	1
NC_000964.3_NC_000964.3	261000	384000	0
NC_000964.3_NC_000964.3	384000	385000	49
NC_000964.3_NC_000964.3	385000	637000	0
NC_000964.3_NC_000964.3	637000	638000	2
NC_000964.3_NC_000964.3	638000	640000	0
NC_000964.3_NC_000964.3	640000	641000	1
NC_000964.3_NC_000964.3	641000	785000	0
NC_000964.3_NC_000964.3	785000	786000	1
NC_000964.3_NC_000964.3	786000	1049000	0
NC_000964.3_NC_000964.3	1049000	1050000	9
NC_000964.3_NC_000964.3	1050000	1659000	0
NC_000964.3_NC_000964.3	1659000	1660000	3
NC_000964.3_NC_000964.3	1660000	1967000	0
NC_000964.3_NC_000964.3	1967000	1968000	50
NC_000964.3_NC_000964.3	1968000	1997000	0
NC_000964.3_NC_000964.3	1997000	1998000	4
NC_000964.3_NC_000964.3	1998000	2286000	0
NC_000964.3_NC_000964.3	2286000	2287000	8
NC_000964.3_NC_000964.3	2287000	2699000	0
NC_000964.3_NC_000964.3	2699000	2700000	1
NC_000964.3_NC_000964.3	2700000	2716000	0
NC_000964.3_NC_000964.3	2716000	2717000	2
NC_000964.3_NC_000964.3	2717000	2778000	0
NC_000964.3_NC_000964.3	2778000	2779000	1
NC_000964.3_NC_000964.3	2779000	2889000	0
NC_000964.3_NC_000964.3	2889000	2890000	1
NC_000964.3_NC_000964.3	2890000	2918000	0
NC_000964.3_NC_000964.3	2918000	2919000	3
NC_000964.3_NC_000964.3	2919000	3035000	0
NC_000964.3_NC_000964.3	3035000	3036000	1
NC_000964.3_NC_000964.3	3036000	3208000	0
NC_000964.3_NC_000964.3	3208000	3209000	4
NC_000964.3_NC_000964.3	3209000	3483000	0
NC_000964.3_NC_000964.3	3483000	3484000	1
NC_000964.3_NC_000964.3	3484000	3567000	0
NC_000964.3_NC_000964.3	3567000	3568000	1
NC_000964.3_NC_000964.3	3568000	3606000	0
NC_000964.3_NC_000964.3	3606000	3607000	21
NC_000964.3_NC_000964.3	3607000	3770000	0
NC_000964.3_NC_000964.3	3770000	3771000	1
NC_000964.3_NC_000964.3	3771000	3858000	0
NC_000964.3_NC_000964.3	3858000	3859000	1
NC_000964.3_NC_000964.3	3859000	3878000	0
NC_000964.3_NC_000964.3	3878000	3879000	3
NC_000964.3_NC_000964.3	3879000	4086000	0
NC_000964.3_NC_000964.3	4086000	4087000	1
NC_000964.3_NC_000964.3	4087000	17819000	0
GCF_000006765.1_ASM676v1_genomic_NC_002516.2	0	1000	53
GCF_000006765.1_ASM676v1_genomic_NC_002516.2	1000	9000	0
GCF_000006765.1_ASM676v1_genomic_NC_002516.2	9000	10000	120
GCF_000006765.1_ASM676v1_genomic_NC_002516.2	10000	41000	0
GCF_000006765.1_ASM676v1_genomic_NC_002516.2	41000	42000	22
GCF_000006765.1_ASM676v1_genomic_NC_002516.2	42000	44000	0
GCF_000006765.1_ASM676v1_genomic_NC_002516.2	44000	45000	6
GCF_000006765.1_ASM676v1_genomic_NC_002516.2	45000	48000	0
GCF_000006765.1_ASM676v1_genomic_NC_002516.2	48000	49000	38
GCF_000006765.1_ASM676v1_genomic_NC_002516.2	49000	54000	0
GCF_000006765.1_ASM676v1_genomic_NC_002516.2	54000	55000	8
GCF_000006765.1_ASM676v1_genomic_NC_002516.2	55000	56000	0
GCF_000006765.1_ASM676v1_genomic_NC_002516.2	56000	57000	105
GCF_000006765.1_ASM676v1_genomic_NC_002516.2	57000	69000	0
GCF_000006765.1_ASM676v1_genomic_NC_002516.2	69000	70000	122
GCF_000006765.1_ASM676v1_genomic_NC_002516.2	70000	71000	301
GCF_000006765.1_ASM676v1_genomic_NC_002516.2	71000	72000	222
GCF_000006765.1_ASM676v1_genomic_NC_002516.2	72000	237000	0
GCF_000006765.1_ASM676v1_genomic_NC_002516.2	237000	238000	37
GCF_000006765.1_ASM676v1_genomic_NC_002516.2	238000	246000	0
GCF_000006765.1_ASM676v1_genomic_NC_002516.2	246000	247000	5
GCF_000006765.1_ASM676v1_genomic_NC_002516.2	247000	248000	25
GCF_000006765.1_ASM676v1_genomic_NC_002516.2	248000	260000	0
GCF_000006765.1_ASM676v1_genomic_NC_002516.2	260000	261000	9
GCF_000006765.1_ASM676v1_genomic_NC_002516.2	261000	264000	0
GCF_000006765.1_ASM676v1_genomic_NC_002516.2	264000	265000	43
GCF_000006765.1_ASM676v1_genomic_NC_002516.2	265000	266000	79
GCF_000006765.1_ASM676v1_genomic_NC_002516.2	266000	286000	0
GCF_000006765.1_ASM676v1_genomic_NC_002516.2	286000	287000	30
GCF_000006765.1_ASM676v1_genomic_NC_002516.2	287000	297000	0
GCF_000006765.1_ASM676v1_genomic_NC_002516.2	297000	298000	65
GCF_000006765.1_ASM676v1_genomic_NC_002516.2	298000	299000	287
GCF_000006765.1_ASM676v1_genomic_NC_002516.2	299000	370000	0
GCF_000006765.1_ASM676v1_genomic_NC_002516.2	370000	371000	83
GCF_000006765.1_ASM676v1_genomic_NC_002516.2	371000	372000	269
GCF_000006765.1_ASM676v1_genomic_NC_002516.2	372000	373000	106
GCF_000006765.1_ASM676v1_genomic_NC_002516.2	373000	501000	0
GCF_000006765.1_ASM676v1_genomic_NC_002516.2	501000	502000	87
GCF_000006765.1_ASM676v1_genomic_NC_002516.2	502000	516000	0
GCF_000006765.1_ASM676v1_genomic_NC_002516.2	516000	517000	42
GCF_000006765.1_ASM676v1_genomic_NC_002516.2	517000	521000	0
GCF_000006765.1_ASM676v1_genomic_NC_002516.2	521000	522000	135
GCF_000006765.1_ASM676v1_genomic_NC_002516.2	522000	523000	117
GCF_000006765.1_ASM676v1_genomic_NC_002516.2	523000	558000	0
GCF_000006765.1_ASM676v1_genomic_NC_002516.2	558000	559000	70
GCF_000006765.1_ASM676v1_genomic_NC_002516.2	559000	560000	212
GCF_000006765.1_ASM676v1_genomic_NC_002516.2	560000	630000	0
GCF_000006765.1_ASM676v1_genomic_NC_002516.2	630000	631000	146
GCF_000006765.1_ASM676v1_genomic_NC_002516.2	631000	655000	0
GCF_000006765.1_ASM676v1_genomic_NC_002516.2	655000	656000	19
GCF_000006765.1_ASM676v1_genomic_NC_002516.2	656000	657000	105
GCF_000006765.1_ASM676v1_genomic_NC_002516.2	657000	681000	0
GCF_000006765.1_ASM676v1_genomic_NC_002516.2	681000	682000	55
GCF_000006765.1_ASM676v1_genomic_NC_002516.2	682000	703000	0
GCF_000006765.1_ASM676v1_genomic_NC_002516.2	703000	704000	128
GCF_000006765.1_ASM676v1_genomic_NC_002516.2	704000	727000	0
GCF_000006765.1_ASM676v1_genomic_NC_002516.2	727000	728000	229
GCF_000006765.1_ASM676v1_genomic_NC_002516.2	728000	729000	146
GCF_000006765.1_ASM676v1_genomic_NC_002516.2	729000	789000	0
GCF_000006765.1_ASM676v1_genomic_NC_002516.2	789000	790000	39
GCF_000006765.1_ASM676v1_genomic_NC_002516.2	790000	794000	0
GCF_000006765.1_ASM676v1_genomic_NC_002516.2	794000	795000	177
GCF_000006765.1_ASM676v1_genomic_NC_002516.2	795000	796000	282
GCF_000006765.1_ASM676v1_genomic_NC_002516.2	796000	797000	45
GCF_000006765.1_ASM676v1_genomic_NC_002516.2	797000	901000	0
GCF_000006765.1_ASM676v1_genomic_NC_002516.2	901000	902000	146
GCF_000006765.1_ASM676v1_genomic_NC_002516.2	902000	903000	53
GCF_000006765.1_ASM676v1_genomic_NC_002516.2	903000	950000	0
GCF_000006765.1_ASM676v1_genomic_NC_002516.2	950000	951000	43
GCF_000006765.1_ASM676v1_genomic_NC_002516.2	951000	952000	102
GCF_000006765.1_ASM676v1_genomic_NC_002516.2	952000	991000	0
GCF_000006765.1_ASM676v1_genomic_NC_002516.2	991000	992000	43
GCF_000006765.1_ASM676v1_genomic_NC_002516.2	992000	999000	0
GCF_000006765.1_ASM676v1_genomic_NC_002516.2	999000	1000000	79
GCF_000006765.1_ASM676v1_genomic_NC_002516.2	1000000	1001000	192
GCF_000006765.1_ASM676v1_genomic_NC_002516.2	1001000	1060000	0
GCF_000006765.1_ASM676v1_genomic_NC_002516.2	1060000	1061000	46
GCF_000006765.1_ASM676v1_genomic_NC_002516.2	1061000	1062000	5
GCF_000006765.1_ASM676v1_genomic_NC_002516.2	1062000	1063000	39
GCF_000006765.1_ASM676v1_genomic_NC_002516.2	1063000	1064000	0
GCF_000006765.1_ASM676v1_genomic_NC_002516.2	1064000	1065000	62
GCF_000006765.1_ASM676v1_genomic_NC_002516.2	1065000	1066000	21
GCF_000006765.1_ASM676v1_genomic_NC_002516.2	1066000	1069000	0
GCF_000006765.1_ASM676v1_genomic_NC_002516.2	1069000	1070000	24
GCF_000006765.1_ASM676v1_genomic_NC_002516.2	1070000	1072000	0
GCF_000006765.1_ASM676v1_genomic_NC_002516.2	1072000	1073000	29
GCF_000006765.1_ASM676v1_genomic_NC_002516.2	1073000	1074000	202
GCF_000006765.1_ASM676v1_genomic_NC_002516.2	1074000	1096000	0
GCF_000006765.1_ASM676v1_genomic_NC_002516.2	1096000	1097000	18
GCF_000006765.1_ASM676v1_genomic_NC_002516.2	1097000	1098000	311
GCF_000006765.1_ASM676v1_genomic_NC_002516.2	1098000	1099000	365
GCF_000006765.1_ASM676v1_genomic_NC_002516.2	1099000	1100000	52
GCF_000006765.1_ASM676v1_genomic_NC_002516.2	1100000	1187000	0
GCF_000006765.1_ASM676v1_genomic_NC_002516.2	1187000	1188000	215
GCF_000006765.1_ASM676v1_genomic_NC_002516.2	1188000	1189000	110
GCF_000006765.1_ASM676v1_genomic_NC_002516.2	1189000	1242000	0
GCF_000006765.1_ASM676v1_genomic_NC_002516.2	1242000	1243000	15
GCF_000006765.1_ASM676v1_genomic_NC_002516.2	1243000	1244000	0
GCF_000006765.1_ASM676v1_genomic_NC_002516.2	1244000	1245000	19
GCF_000006765.1_ASM676v1_genomic_NC_002516.2	1245000	1247000	0
GCF_000006765.1_ASM676v1_genomic_NC_002516.2	1247000	1248000	9
GCF_000006765.1_ASM676v1_genomic_NC_002516.2	1248000	1249000	293
GCF_000006765.1_ASM676v1_genomic_NC_002516.2	1249000	1250000	168
GCF_000006765.1_ASM676v1_genomic_NC_002516.2	1250000	1343000	0
GCF_000006765.1_ASM676v1_genomic_NC_002516.2	1343000	1344000	86
GCF_000006765.1_ASM676v1_genomic_NC_002516.2	1344000	1362000	0
GCF_000006765.1_ASM676v1_genomic_NC_002516.2	1362000	1363000	230
GCF_000006765.1_ASM676v1_genomic_NC_002516.2	1363000	1364000	112
GCF_000006765.1_ASM676v1_genomic_NC_002516.2	1364000	1437000	0
GCF_000006765.1_ASM676v1_genomic_NC_002516.2	1437000	1438000	7
GCF_000006765.1_ASM676v1_genomic_NC_002516.2	1438000	1439000	0
GCF_000006765.1_ASM676v1_genomic_NC_002516.2	1439000	1440000	143
GCF_000006765.1_ASM676v1_genomic_NC_002516.2	1440000	1441000	39
GCF_000006765.1_ASM676v1_genomic_NC_002516.2	1441000	1489000	0
GCF_000006765.1_ASM676v1_genomic_NC_002516.2	1489000	1490000	68
GCF_000006765.1_ASM676v1_genomic_NC_002516.2	1490000	1495000	0
GCF_000006765.1_ASM676v1_genomic_NC_002516.2	1495000	1496000	9
GCF_000006765.1_ASM676v1_genomic_NC_002516.2	1496000	1497000	258
GCF_000006765.1_ASM676v1_genomic_NC_002516.2	1497000	1526000	0
GCF_000006765.1_ASM676v1_genomic_NC_002516.2	1526000	1527000	164
GCF_000006765.1_ASM676v1_genomic_NC_002516.2	1527000	1528000	102
GCF_000006765.1_ASM676v1_genomic_NC_002516.2	1528000	1600000	0
GCF_000006765.1_ASM676v1_genomic_NC_002516.2	1600000	1601000	297
GCF_000006765.1_ASM676v1_genomic_NC_002516.2	1601000	1641000	0
GCF_000006765.1_ASM676v1_genomic_NC_002516.2	1641000	1642000	20
GCF_000006765.1_ASM676v1_genomic_NC_002516.2	1642000	1643000	0
GCF_000006765.1_ASM676v1_genomic_NC_002516.2	1643000	1644000	22
GCF_000006765.1_ASM676v1_genomic_NC_002516.2	1644000	1645000	0
GCF_000006765.1_ASM676v1_genomic_NC_002516.2	1645000	1646000	107
GCF_000006765.1_ASM676v1_genomic_NC_002516.2	1646000	1671000	0
GCF_000006765.1_ASM676v1_genomic_NC_002516.2	1671000	1672000	107
GCF_000006765.1_ASM676v1_genomic_NC_002516.2	1672000	1695000	0
GCF_000006765.1_ASM676v1_genomic_NC_002516.2	1695000	1696000	121
GCF_000006765.1_ASM676v1_genomic_NC_002516.2	1696000	1697000	295
GCF_000006765.1_ASM676v1_genomic_NC_002516.2	1697000	1698000	295
GCF_000006765.1_ASM676v1_genomic_NC_002516.2	1698000	1699000	289
GCF_000006765.1_ASM676v1_genomic_NC_002516.2	1699000	1700000	76
GCF_000006765.1_ASM676v1_genomic_NC_002516.2	1700000	1882000	0
GCF_000006765.1_ASM676v1_genomic_NC_002516.2	1882000	1883000	165
GCF_000006765.1_ASM676v1_genomic_NC_002516.2	1883000	1884000	288
GCF_000006765.1_ASM676v1_genomic_NC_002516.2	1884000	1885000	171
GCF_000006765.1_ASM676v1_genomic_NC_002516.2	1885000	2015000	0
GCF_000006765.1_ASM676v1_genomic_NC_002516.2	2015000	2016000	42
GCF_000006765.1_ASM676v1_genomic_NC_002516.2	2016000	2017000	154
GCF_000006765.1_ASM676v1_genomic_NC_002516.2	2017000	2039000	0
GCF_000006765.1_ASM676v1_genomic_NC_002516.2	2039000	2040000	80
GCF_000006765.1_ASM676v1_genomic_NC_002516.2	2040000	2041000	0
GCF_000006765.1_ASM676v1_genomic_NC_002516.2	2041000	2042000	49
GCF_000006765.1_ASM676v1_genomic_NC_002516.2	2042000	2043000	68
GCF_000006765.1_ASM676v1_genomic_NC_002516.2	2043000	2076000	0
GCF_000006765.1_ASM676v1_genomic_NC_002516.2	2076000	2077000	13
GCF_000006765.1_ASM676v1_genomic_NC_002516.2	2077000	2078000	239
GCF_000006765.1_ASM676v1_genomic_NC_002516.2	2078000	2118000	0
GCF_000006765.1_ASM676v1_genomic_NC_002516.2	2118000	2119000	9
GCF_000006765.1_ASM676v1_genomic_NC_002516.2	2119000	2122000	0
GCF_000006765.1_ASM676v1_genomic_NC_002516.2	2122000	2123000	149
GCF_000006765.1_ASM676v1_genomic_NC_002516.2	2123000	2124000	140
GCF_000006765.1_ASM676v1_genomic_NC_002516.2	2124000	2170000	0
GCF_000006765.1_ASM676v1_genomic_NC_002516.2	2170000	2171000	12
GCF_000006765.1_ASM676v1_genomic_NC_002516.2	2171000	2172000	79
GCF_000006765.1_ASM676v1_genomic_NC_002516.2	2172000	2201000	0
GCF_000006765.1_ASM676v1_genomic_NC_002516.2	2201000	2202000	133
GCF_000006765.1_ASM676v1_genomic_NC_002516.2	2202000	2229000	0
GCF_000006765.1_ASM676v1_genomic_NC_002516.2	2229000	2230000	252
GCF_000006765.1_ASM676v1_genomic_NC_002516.2	2230000	2231000	31
GCF_000006765.1_ASM676v1_genomic_NC_002516.2	2231000	2279000	0
GCF_000006765.1_ASM676v1_genomic_NC_002516.2	2279000	2280000	46
GCF_000006765.1_ASM676v1_genomic_NC_002516.2	2280000	2281000	47
GCF_000006765.1_ASM676v1_genomic_NC_002516.2	2281000	2296000	0
GCF_000006765.1_ASM676v1_genomic_NC_002516.2	2296000	2297000	81
GCF_000006765.1_ASM676v1_genomic_NC_002516.2	2297000	2318000	0
GCF_000006765.1_ASM676v1_genomic_NC_002516.2	2318000	2319000	230
GCF_000006765.1_ASM676v1_genomic_NC_002516.2	2319000	2320000	264
GCF_000006765.1_ASM676v1_genomic_NC_002516.2	2320000	2321000	46
GCF_000006765.1_ASM676v1_genomic_NC_002516.2	2321000	2451000	0
GCF_000006765.1_ASM676v1_genomic_NC_002516.2	2451000	2452000	109
GCF_000006765.1_ASM676v1_genomic_NC_002516.2	2452000	2453000	26
GCF_000006765.1_ASM676v1_genomic_NC_002516.2	2453000	2486000	0
GCF_000006765.1_ASM676v1_genomic_NC_002516.2	2486000	2487000	135
GCF_000006765.1_ASM676v1_genomic_NC_002516.2	2487000	2522000	0
GCF_000006765.1_ASM676v1_genomic_NC_002516.2	2522000	2523000	163
GCF_000006765.1_ASM676v1_genomic_NC_002516.2	2523000	2524000	62
GCF_000006765.1_ASM676v1_genomic_NC_002516.2	2524000	2558000	0
GCF_000006765.1_ASM676v1_genomic_NC_002516.2	2558000	2559000	36
GCF_000006765.1_ASM676v1_genomic_NC_002516.2	2559000	2568000	0
GCF_000006765.1_ASM676v1_genomic_NC_002516.2	2568000	2569000	114
GCF_000006765.1_ASM676v1_genomic_NC_002516.2	2569000	2570000	150
GCF_000006765.1_ASM676v1_genomic_NC_002516.2	2570000	2632000	0
GCF_000006765.1_ASM676v1_genomic_NC_002516.2	2632000	2633000	21
GCF_000006765.1_ASM676v1_genomic_NC_002516.2	2633000	2634000	182
GCF_000006765.1_ASM676v1_genomic_NC_002516.2	2634000	2641000	0
GCF_000006765.1_ASM676v1_genomic_NC_002516.2	2641000	2642000	164
GCF_000006765.1_ASM676v1_genomic_NC_002516.2	2642000	2648000	0
GCF_000006765.1_ASM676v1_genomic_NC_002516.2	2648000	2649000	260
GCF_000006765.1_ASM676v1_genomic_NC_002516.2	2649000	2672000	0
GCF_000006765.1_ASM676v1_genomic_NC_002516.2	2672000	2673000	119
GCF_000006765.1_ASM676v1_genomic_NC_002516.2	2673000	2682000	0
GCF_000006765.1_ASM676v1_genomic_NC_002516.2	2682000	2683000	142
GCF_000006765.1_ASM676v1_genomic_NC_002516.2	2683000	2684000	148
GCF_000006765.1_ASM676v1_genomic_NC_002516.2	2684000	2685000	31
GCF_000006765.1_ASM676v1_genomic_NC_002516.2	2685000	2705000	0
GCF_000006765.1_ASM676v1_genomic_NC_002516.2	2705000	2706000	19
GCF_000006765.1_ASM676v1_genomic_NC_002516.2	2706000	2707000	0
GCF_000006765.1_ASM676v1_genomic_NC_002516.2	2707000	2708000	97
GCF_000006765.1_ASM676v1_genomic_NC_002516.2	2708000	2723000	0
GCF_000006765.1_ASM676v1_genomic_NC_002516.2	2723000	2724000	107
GCF_000006765.1_ASM676v1_genomic_NC_002516.2	2724000	2741000	0
GCF_000006765.1_ASM676v1_genomic_NC_002516.2	2741000	2742000	25
GCF_000006765.1_ASM676v1_genomic_NC_002516.2	2742000	2743000	0
GCF_000006765.1_ASM676v1_genomic_NC_002516.2	2743000	2744000	93
GCF_000006765.1_ASM676v1_genomic_NC_002516.2	2744000	2757000	0
GCF_000006765.1_ASM676v1_genomic_NC_002516.2	2757000	2758000	25
GCF_000006765.1_ASM676v1_genomic_NC_002516.2	2758000	2759000	0
GCF_000006765.1_ASM676v1_genomic_NC_002516.2	2759000	2760000	10
GCF_000006765.1_ASM676v1_genomic_NC_002516.2	2760000	2761000	0
GCF_000006765.1_ASM676v1_genomic_NC_002516.2	2761000	2762000	28
GCF_000006765.1_ASM676v1_genomic_NC_002516.2	2762000	2763000	68
GCF_000006765.1_ASM676v1_genomic_NC_002516.2	2763000	2767000	0
GCF_000006765.1_ASM676v1_genomic_NC_002516.2	2767000	2768000	40
GCF_000006765.1_ASM676v1_genomic_NC_002516.2	2768000	2770000	0
GCF_000006765.1_ASM676v1_genomic_NC_002516.2	2770000	2771000	11
GCF_000006765.1_ASM676v1_genomic_NC_002516.2	2771000	2772000	15
GCF_000006765.1_ASM676v1_genomic_NC_002516.2	2772000	2776000	0
GCF_000006765.1_ASM676v1_genomic_NC_002516.2	2776000	2777000	6
GCF_000006765.1_ASM676v1_genomic_NC_002516.2	2777000	2780000	0
GCF_000006765.1_ASM676v1_genomic_NC_002516.2	2780000	2781000	100
GCF_000006765.1_ASM676v1_genomic_NC_002516.2	2781000	2801000	0
GCF_000006765.1_ASM676v1_genomic_NC_002516.2	2801000	2802000	20
GCF_000006765.1_ASM676v1_genomic_NC_002516.2	2802000	2803000	0
GCF_000006765.1_ASM676v1_genomic_NC_002516.2	2803000	2804000	134
GCF_000006765.1_ASM676v1_genomic_NC_002516.2	2804000	2805000	283
GCF_000006765.1_ASM676v1_genomic_NC_002516.2	2805000	2806000	144
GCF_000006765.1_ASM676v1_genomic_NC_002516.2	2806000	2936000	0
GCF_000006765.1_ASM676v1_genomic_NC_002516.2	2936000	2937000	32
GCF_000006765.1_ASM676v1_genomic_NC_002516.2	2937000	2947000	0
GCF_000006765.1_ASM676v1_genomic_NC_002516.2	2947000	2948000	104
GCF_000006765.1_ASM676v1_genomic_NC_002516.2	2948000	2949000	245
GCF_000006765.1_ASM676v1_genomic_NC_002516.2	2949000	3043000	0
GCF_000006765.1_ASM676v1_genomic_NC_002516.2	3043000	3044000	3
GCF_000006765.1_ASM676v1_genomic_NC_002516.2	3044000	3045000	42
GCF_000006765.1_ASM676v1_genomic_NC_002516.2	3045000	3046000	191
GCF_000006765.1_ASM676v1_genomic_NC_002516.2	3046000	3087000	0
GCF_000006765.1_ASM676v1_genomic_NC_002516.2	3087000	3088000	7
GCF_000006765.1_ASM676v1_genomic_NC_002516.2	3088000	3099000	0
GCF_000006765.1_ASM676v1_genomic_NC_002516.2	3099000	3100000	211
GCF_000006765.1_ASM676v1_genomic_NC_002516.2	3100000	3101000	99
GCF_000006765.1_ASM676v1_genomic_NC_002516.2	3101000	3148000	0
GCF_000006765.1_ASM676v1_genomic_NC_002516.2	3148000	3149000	128
GCF_000006765.1_ASM676v1_genomic_NC_002516.2	3149000	3173000	0
GCF_000006765.1_ASM676v1_genomic_NC_002516.2	3173000	3174000	59
GCF_000006765.1_ASM676v1_genomic_NC_002516.2	3174000	3175000	292
GCF_000006765.1_ASM676v1_genomic_NC_002516.2	3175000	3176000	279
GCF_000006765.1_ASM676v1_genomic_NC_002516.2	3176000	3177000	275
GCF_000006765.1_ASM676v1_genomic_NC_002516.2	3177000	3178000	288
GCF_000006765.1_ASM676v1_genomic_NC_002516.2	3178000	3179000	46
GCF_000006765.1_ASM676v1_genomic_NC_002516.2	3179000	3475000	0
GCF_000006765.1_ASM676v1_genomic_NC_002516.2	3475000	3476000	57
GCF_000006765.1_ASM676v1_genomic_NC_002516.2	3476000	3477000	137
GCF_000006765.1_ASM676v1_genomic_NC_002516.2	3477000	3547000	0
GCF_000006765.1_ASM676v1_genomic_NC_002516.2	3547000	3548000	89
GCF_000006765.1_ASM676v1_genomic_NC_002516.2	3548000	3549000	25
GCF_000006765.1_ASM676v1_genomic_NC_002516.2	3549000	3575000	0
GCF_000006765.1_ASM676v1_genomic_NC_002516.2	3575000	3576000	3
GCF_000006765.1_ASM676v1_genomic_NC_002516.2	3576000	3577000	0
GCF_000006765.1_ASM676v1_genomic_NC_002516.2	3577000	3578000	81
GCF_000006765.1_ASM676v1_genomic_NC_002516.2	3578000	3603000	0
GCF_000006765.1_ASM676v1_genomic_NC_002516.2	3603000	3604000	12
GCF_000006765.1_ASM676v1_genomic_NC_002516.2	3604000	3616000	0
GCF_000006765.1_ASM676v1_genomic_NC_002516.2	3616000	3617000	8
GCF_000006765.1_ASM676v1_genomic_NC_002516.2	3617000	3618000	0
GCF_000006765.1_ASM676v1_genomic_NC_002516.2	3618000	3619000	107
GCF_000006765.1_ASM676v1_genomic_NC_002516.2	3619000	3620000	251
GCF_000006765.1_ASM676v1_genomic_NC_002516.2	3620000	3684000	0
GCF_000006765.1_ASM676v1_genomic_NC_002516.2	3684000	3685000	131
GCF_000006765.1_ASM676v1_genomic_NC_002516.2	3685000	3686000	227
GCF_000006765.1_ASM676v1_genomic_NC_002516.2	3686000	3778000	0
GCF_000006765.1_ASM676v1_genomic_NC_002516.2	3778000	3779000	104
GCF_000006765.1_ASM676v1_genomic_NC_002516.2	3779000	3780000	116
GCF_000006765.1_ASM676v1_genomic_NC_002516.2	3780000	3812000	0
GCF_000006765.1_ASM676v1_genomic_NC_002516.2	3812000	3813000	49
GCF_000006765.1_ASM676v1_genomic_NC_002516.2	3813000	3814000	108
GCF_000006765.1_ASM676v1_genomic_NC_002516.2	3814000	3843000	0
GCF_000006765.1_ASM676v1_genomic_NC_002516.2	3843000	3844000	116
GCF_000006765.1_ASM676v1_genomic_NC_002516.2	3844000	3845000	20
GCF_000006765.1_ASM676v1_genomic_NC_002516.2	3845000	3874000	0
GCF_000006765.1_ASM676v1_genomic_NC_002516.2	3874000	3875000	114
GCF_000006765.1_ASM676v1_genomic_NC_002516.2	3875000	3907000	0
GCF_000006765.1_ASM676v1_genomic_NC_002516.2	3907000	3908000	23
GCF_000006765.1_ASM676v1_genomic_NC_002516.2	3908000	3930000	0
GCF_000006765.1_ASM676v1_genomic_NC_002516.2	3930000	3931000	69
GCF_000006765.1_ASM676v1_genomic_NC_002516.2	3931000	3932000	174
GCF_000006765.1_ASM676v1_genomic_NC_002516.2	3932000	4008000	0
GCF_000006765.1_ASM676v1_genomic_NC_002516.2	4008000	4009000	16
GCF_000006765.1_ASM676v1_genomic_NC_002516.2	4009000	4010000	281
GCF_000006765.1_ASM676v1_genomic_NC_002516.2	4010000	4011000	278
GCF_000006765.1_ASM676v1_genomic_NC_002516.2	4011000	4012000	209
GCF_000006765.1_ASM676v1_genomic_NC_002516.2	4012000	4225000	0
GCF_000006765.1_ASM676v1_genomic_NC_002516.2	4225000	4226000	98
GCF_000006765.1_ASM676v1_genomic_NC_002516.2	4226000	4227000	126
GCF_000006765.1_ASM676v1_genomic_NC_002516.2	4227000	4281000	0
GCF_000006765.1_ASM676v1_genomic_NC_002516.2	4281000	4282000	81
GCF_000006765.1_ASM676v1_genomic_NC_002516.2	4282000	4283000	41
GCF_000006765.1_ASM676v1_genomic_NC_002516.2	4283000	4300000	0
GCF_000006765.1_ASM676v1_genomic_NC_002516.2	4300000	4301000	38
GCF_000006765.1_ASM676v1_genomic_NC_002516.2	4301000	4309000	0
GCF_000006765.1_ASM676v1_genomic_NC_002516.2	4309000	4310000	7
GCF_000006765.1_ASM676v1_genomic_NC_002516.2	4310000	4311000	69
GCF_000006765.1_ASM676v1_genomic_NC_002516.2	4311000	4312000	15
GCF_000006765.1_ASM676v1_genomic_NC_002516.2	4312000	4333000	0
GCF_000006765.1_ASM676v1_genomic_NC_002516.2	4333000	4334000	172
GCF_000006765.1_ASM676v1_genomic_NC_002516.2	4334000	4377000	0
GCF_000006765.1_ASM676v1_genomic_NC_002516.2	4377000	4378000	42
GCF_000006765.1_ASM676v1_genomic_NC_002516.2	4378000	4392000	0
GCF_000006765.1_ASM676v1_genomic_NC_002516.2	4392000	4393000	232
GCF_000006765.1_ASM676v1_genomic_NC_002516.2	4393000	4394000	17
GCF_000006765.1_ASM676v1_genomic_NC_002516.2	4394000	4474000	0
GCF_000006765.1_ASM676v1_genomic_NC_002516.2	4474000	4475000	22
GCF_000006765.1_ASM676v1_genomic_NC_002516.2	4475000	4476000	73
GCF_000006765.1_ASM676v1_genomic_NC_002516.2	4476000	4503000	0
GCF_000006765.1_ASM676v1_genomic_NC_002516.2	4503000	4504000	47
GCF_000006765.1_ASM676v1_genomic_NC_002516.2	4504000	4505000	9
GCF_000006765.1_ASM676v1_genomic_NC_002516.2	4505000	4528000	0
GCF_000006765.1_ASM676v1_genomic_NC_002516.2	4528000	4529000	79
GCF_000006765.1_ASM676v1_genomic_NC_002516.2	4529000	4530000	37
GCF_000006765.1_ASM676v1_genomic_NC_002516.2	4530000	4554000	0
GCF_000006765.1_ASM676v1_genomic_NC_002516.2	4554000	4555000	204
GCF_000006765.1_ASM676v1_genomic_NC_002516.2	4555000	4588000	0
GCF_000006765.1_ASM676v1_genomic_NC_002516.2	4588000	4589000	102
GCF_000006765.1_ASM676v1_genomic_NC_002516.2	4589000	4590000	289
GCF_000006765.1_ASM676v1_genomic_NC_002516.2	4590000	4658000	0
GCF_000006765.1_ASM676v1_genomic_NC_002516.2	4658000	4659000	79
GCF_000006765.1_ASM676v1_genomic_NC_002516.2	4659000	4672000	0
GCF_000006765.1_ASM676v1_genomic_NC_002516.2	4672000	4673000	20
GCF_000006765.1_ASM676v1_genomic_NC_002516.2	4673000	4674000	177
GCF_000006765.1_ASM676v1_genomic_NC_002516.2	4674000	4714000	0
GCF_000006765.1_ASM676v1_genomic_NC_002516.2	4714000	4715000	38
GCF_000006765.1_ASM676v1_genomic_NC_002516.2	4715000	4720000	0
GCF_000006765.1_ASM676v1_genomic_NC_002516.2	4720000	4721000	251
GCF_000006765.1_ASM676v1_genomic_NC_002516.2	4721000	4768000	0
GCF_000006765.1_ASM676v1_genomic_NC_002516.2	4768000	4769000	21
GCF_000006765.1_ASM676v1_genomic_NC_002516.2	4769000	4770000	60
GCF_000006765.1_ASM676v1_genomic_NC_002516.2	4770000	4794000	0
GCF_000006765.1_ASM676v1_genomic_NC_002516.2	4794000	4795000	214
GCF_000006765.1_ASM676v1_genomic_NC_002516.2	4795000	4833000	0
GCF_000006765.1_ASM676v1_genomic_NC_002516.2	4833000	4834000	4
GCF_000006765.1_ASM676v1_genomic_NC_002516.2	4834000	4837000	0
GCF_000006765.1_ASM676v1_genomic_NC_002516.2	4837000	4838000	96
GCF_000006765.1_ASM676v1_genomic_NC_002516.2	4838000	4858000	0
GCF_000006765.1_ASM676v1_genomic_NC_002516.2	4858000	4859000	166
GCF_000006765.1_ASM676v1_genomic_NC_002516.2	4859000	4860000	56
GCF_000006765.1_ASM676v1_genomic_NC_002516.2	4860000	4925000	0
GCF_000006765.1_ASM676v1_genomic_NC_002516.2	4925000	4926000	92
GCF_000006765.1_ASM676v1_genomic_NC_002516.2	4926000	4962000	0
GCF_000006765.1_ASM676v1_genomic_NC_002516.2	4962000	4963000	216
GCF_000006765.1_ASM676v1_genomic_NC_002516.2	4963000	4964000	358
GCF_000006765.1_ASM676v1_genomic_NC_002516.2	4964000	4965000	122
GCF_000006765.1_ASM676v1_genomic_NC_002516.2	4965000	5050000	0
GCF_000006765.1_ASM676v1_genomic_NC_002516.2	5050000	5051000	24
GCF_000006765.1_ASM676v1_genomic_NC_002516.2	5051000	5055000	0
GCF_000006765.1_ASM676v1_genomic_NC_002516.2	5055000	5056000	100
GCF_000006765.1_ASM676v1_genomic_NC_002516.2	5056000	5072000	0
GCF_000006765.1_ASM676v1_genomic_NC_002516.2	5072000	5073000	149
GCF_000006765.1_ASM676v1_genomic_NC_002516.2	5073000	5086000	0
GCF_000006765.1_ASM676v1_genomic_NC_002516.2	5086000	5087000	21
GCF_000006765.1_ASM676v1_genomic_NC_002516.2	5087000	5088000	25
GCF_000006765.1_ASM676v1_genomic_NC_002516.2	5088000	5101000	0
GCF_000006765.1_ASM676v1_genomic_NC_002516.2	5101000	5102000	246
GCF_000006765.1_ASM676v1_genomic_NC_002516.2	5102000	5103000	222
GCF_000006765.1_ASM676v1_genomic_NC_002516.2	5103000	5189000	0
GCF_000006765.1_ASM676v1_genomic_NC_002516.2	5189000	5190000	248
GCF_000006765.1_ASM676v1_genomic_NC_002516.2	5190000	5191000	11
GCF_000006765.1_ASM676v1_genomic_NC_002516.2	5191000	5241000	0
GCF_000006765.1_ASM676v1_genomic_NC_002516.2	5241000	5242000	46
GCF_000006765.1_ASM676v1_genomic_NC_002516.2	5242000	5243000	63
GCF_000006765.1_ASM676v1_genomic_NC_002516.2	5243000	5262000	0
GCF_000006765.1_ASM676v1_genomic_NC_002516.2	5262000	5263000	95
GCF_000006765.1_ASM676v1_genomic_NC_002516.2	5263000	5269000	0
GCF_000006765.1_ASM676v1_genomic_NC_002516.2	5269000	5270000	72
GCF_000006765.1_ASM676v1_genomic_NC_002516.2	5270000	5271000	282
GCF_000006765.1_ASM676v1_genomic_NC_002516.2	5271000	5272000	24
GCF_000006765.1_ASM676v1_genomic_NC_002516.2	5272000	5361000	0
GCF_000006765.1_ASM676v1_genomic_NC_002516.2	5361000	5362000	56
GCF_000006765.1_ASM676v1_genomic_NC_002516.2	5362000	5383000	0
GCF_000006765.1_ASM676v1_genomic_NC_002516.2	5383000	5384000	30
GCF_000006765.1_ASM676v1_genomic_NC_002516.2	5384000	5385000	220
GCF_000006765.1_ASM676v1_genomic_NC_002516.2	5385000	5455000	0
GCF_000006765.1_ASM676v1_genomic_NC_002516.2	5455000	5456000	220
GCF_000006765.1_ASM676v1_genomic_NC_002516.2	5456000	5457000	132
GCF_000006765.1_ASM676v1_genomic_NC_002516.2	5457000	5541000	0
GCF_000006765.1_ASM676v1_genomic_NC_002516.2	5541000	5542000	39
GCF_000006765.1_ASM676v1_genomic_NC_002516.2	5542000	5543000	277
GCF_000006765.1_ASM676v1_genomic_NC_002516.2	5543000	5612000	0
GCF_000006765.1_ASM676v1_genomic_NC_002516.2	5612000	5613000	79
GCF_000006765.1_ASM676v1_genomic_NC_002516.2	5613000	5638000	0
GCF_000006765.1_ASM676v1_genomic_NC_002516.2	5638000	5639000	40
GCF_000006765.1_ASM676v1_genomic_NC_002516.2	5639000	5640000	311
GCF_000006765.1_ASM676v1_genomic_NC_002516.2	5640000	5641000	154
GCF_000006765.1_ASM676v1_genomic_NC_002516.2	5641000	5726000	0
GCF_000006765.1_ASM676v1_genomic_NC_002516.2	5726000	5727000	75
GCF_000006765.1_ASM676v1_genomic_NC_002516.2	5727000	5728000	191
GCF_000006765.1_ASM676v1_genomic_NC_002516.2	5728000	5729000	177
GCF_000006765.1_ASM676v1_genomic_NC_002516.2	5729000	5798000	0
GCF_000006765.1_ASM676v1_genomic_NC_002516.2	5798000	5799000	121
GCF_000006765.1_ASM676v1_genomic_NC_002516.2	5799000	5800000	294
GCF_000006765.1_ASM676v1_genomic_NC_002516.2	5800000	5801000	162
GCF_000006765.1_ASM676v1_genomic_NC_002516.2	5801000	5915000	0
GCF_000006765.1_ASM676v1_genomic_NC_002516.2	5915000	5916000	55
GCF_000006765.1_ASM676v1_genomic_NC_002516.2	5916000	5930000	0
GCF_000006765.1_ASM676v1_genomic_NC_002516.2	5930000	5931000	71
GCF_000006765.1_ASM676v1_genomic_NC_002516.2	5931000	5932000	25
GCF_000006765.1_ASM676v1_genomic_NC_002516.2	5932000	5952000	0
GCF_000006765.1_ASM676v1_genomic_NC_002516.2	5952000	5953000	248
GCF_000006765.1_ASM676v1_genomic_NC_002516.2	5953000	5954000	98
GCF_000006765.1_ASM676v1_genomic_NC_002516.2	5954000	6040000	0
GCF_000006765.1_ASM676v1_genomic_NC_002516.2	6040000	6041000	83
GCF_000006765.1_ASM676v1_genomic_NC_002516.2	6041000	6045000	0
GCF_000006765.1_ASM676v1_genomic_NC_002516.2	6045000	6046000	210
GCF_000006765.1_ASM676v1_genomic_NC_002516.2	6046000	6090000	0
GCF_000006765.1_ASM676v1_genomic_NC_002516.2	6090000	6091000	29
GCF_000006765.1_ASM676v1_genomic_NC_002516.2	6091000	6092000	130
GCF_000006765.1_ASM676v1_genomic_NC_002516.2	6092000	6093000	0
GCF_000006765.1_ASM676v1_genomic_NC_002516.2	6093000	6094000	6
GCF_000006765.1_ASM676v1_genomic_NC_002516.2	6094000	6095000	77
GCF_000006765.1_ASM676v1_genomic_NC_002516.2	6095000	6096000	294
GCF_000006765.1_ASM676v1_genomic_NC_002516.2	6096000	6097000	69
GCF_000006765.1_ASM676v1_genomic_NC_002516.2	6097000	6188000	0
GCF_000006765.1_ASM676v1_genomic_NC_002516.2	6188000	6189000	121
GCF_000006765.1_ASM676v1_genomic_NC_002516.2	6189000	6209000	0
GCF_000006765.1_ASM676v1_genomic_NC_002516.2	6209000	6210000	151
GCF_000006765.1_ASM676v1_genomic_NC_002516.2	6210000	6211000	31
GCF_000006765.1_ASM676v1_genomic_NC_002516.2	6211000	6241000	0
GCF_000006765.1_ASM676v1_genomic_NC_002516.2	6241000	6242000	68
GCF_000006765.1_ASM676v1_genomic_NC_002516.2	6242000	6243000	42
GCF_000006765.1_ASM676v1_genomic_NC_002516.2	6243000	17819000	0
Kocuria_rhizophila_ATCC_9341_NC_010617.1	0	1000	3
Kocuria_rhizophila_ATCC_9341_NC_010617.1	1000	298000	0
Kocuria_rhizophila_ATCC_9341_NC_010617.1	298000	299000	2
Kocuria_rhizophila_ATCC_9341_NC_010617.1	299000	547000	0
Kocuria_rhizophila_ATCC_9341_NC_010617.1	547000	548000	1
Kocuria_rhizophila_ATCC_9341_NC_010617.1	548000	604000	0
Kocuria_rhizophila_ATCC_9341_NC_010617.1	604000	605000	1
Kocuria_rhizophila_ATCC_9341_NC_010617.1	605000	789000	0
Kocuria_rhizophila_ATCC_9341_NC_010617.1	789000	790000	1
Kocuria_rhizophila_ATCC_9341_NC_010617.1	790000	865000	0
Kocuria_rhizophila_ATCC_9341_NC_010617.1	865000	866000	1
Kocuria_rhizophila_ATCC_9341_NC_010617.1	866000	875000	0
Kocuria_rhizophila_ATCC_9341_NC_010617.1	875000	876000	9
Kocuria_rhizophila_ATCC_9341_NC_010617.1	876000	1115000	0
Kocuria_rhizophila_ATCC_9341_NC_010617.1	1115000	1116000	1
Kocuria_rhizophila_ATCC_9341_NC_010617.1	1116000	1446000	0
Kocuria_rhizophila_ATCC_9341_NC_010617.1	1446000	1447000	3
Kocuria_rhizophila_ATCC_9341_NC_010617.1	1447000	1573000	0
Kocuria_rhizophila_ATCC_9341_NC_010617.1	1573000	1574000	1
Kocuria_rhizophila_ATCC_9341_NC_010617.1	1574000	1629000	0
Kocuria_rhizophila_ATCC_9341_NC_010617.1	1629000	1630000	1
Kocuria_rhizophila_ATCC_9341_NC_010617.1	1630000	1753000	0
Kocuria_rhizophila_ATCC_9341_NC_010617.1	1753000	1754000	8
Kocuria_rhizophila_ATCC_9341_NC_010617.1	1754000	2080000	0
Kocuria_rhizophila_ATCC_9341_NC_010617.1	2080000	2081000	1
Kocuria_rhizophila_ATCC_9341_NC_010617.1	2081000	2128000	0
Kocuria_rhizophila_ATCC_9341_NC_010617.1	2128000	2129000	1
Kocuria_rhizophila_ATCC_9341_NC_010617.1	2129000	2290000	0
Kocuria_rhizophila_ATCC_9341_NC_010617.1	2290000	2291000	1
Kocuria_rhizophila_ATCC_9341_NC_010617.1	2291000	2407000	0
Kocuria_rhizophila_ATCC_9341_NC_010617.1	2407000	2408000	3
Kocuria_rhizophila_ATCC_9341_NC_010617.1	2408000	2485000	0
Kocuria_rhizophila_ATCC_9341_NC_010617.1	2485000	2486000	1
Kocuria_rhizophila_ATCC_9341_NC_010617.1	2486000	2675000	0
Kocuria_rhizophila_ATCC_9341_NC_010617.1	2675000	2676000	1
Kocuria_rhizophila_ATCC_9341_NC_010617.1	2676000	17819000	0
GCF_000005845.2_ASM584v2_genomic_NC_000913.3	0	66000	0
GCF_000005845.2_ASM584v2_genomic_NC_000913.3	66000	67000	1
GCF_000005845.2_ASM584v2_genomic_NC_000913.3	67000	228000	0
GCF_000005845.2_ASM584v2_genomic_NC_000913.3	228000	229000	5
GCF_000005845.2_ASM584v2_genomic_NC_000913.3	229000	258000	0
GCF_000005845.2_ASM584v2_genomic_NC_000913.3	258000	259000	2
GCF_000005845.2_ASM584v2_genomic_NC_000913.3	259000	526000	0
GCF_000005845.2_ASM584v2_genomic_NC_000913.3	526000	527000	1
GCF_000005845.2_ASM584v2_genomic_NC_000913.3	527000	575000	0
GCF_000005845.2_ASM584v2_genomic_NC_000913.3	575000	576000	27
GCF_000005845.2_ASM584v2_genomic_NC_000913.3	576000	735000	0
GCF_000005845.2_ASM584v2_genomic_NC_000913.3	735000	736000	1
GCF_000005845.2_ASM584v2_genomic_NC_000913.3	736000	915000	0
GCF_000005845.2_ASM584v2_genomic_NC_000913.3	915000	916000	1
GCF_000005845.2_ASM584v2_genomic_NC_000913.3	916000	1050000	0
GCF_000005845.2_ASM584v2_genomic_NC_000913.3	1050000	1051000	1
GCF_000005845.2_ASM584v2_genomic_NC_000913.3	1051000	1209000	0
GCF_000005845.2_ASM584v2_genomic_NC_000913.3	1209000	1210000	2
GCF_000005845.2_ASM584v2_genomic_NC_000913.3	1210000	1269000	0
GCF_000005845.2_ASM584v2_genomic_NC_000913.3	1269000	1270000	3
GCF_000005845.2_ASM584v2_genomic_NC_000913.3	1270000	1286000	0
GCF_000005845.2_ASM584v2_genomic_NC_000913.3	1286000	1287000	9
GCF_000005845.2_ASM584v2_genomic_NC_000913.3	1287000	1300000	0
GCF_000005845.2_ASM584v2_genomic_NC_000913.3	1300000	1301000	1
GCF_000005845.2_ASM584v2_genomic_NC_000913.3	1301000	1397000	0
GCF_000005845.2_ASM584v2_genomic_NC_000913.3	1397000	1398000	4
GCF_000005845.2_ASM584v2_genomic_NC_000913.3	1398000	1431000	0
GCF_000005845.2_ASM584v2_genomic_NC_000913.3	1431000	1432000	1
GCF_000005845.2_ASM584v2_genomic_NC_000913.3	1432000	1434000	0
GCF_000005845.2_ASM584v2_genomic_NC_000913.3	1434000	1435000	23
GCF_000005845.2_ASM584v2_genomic_NC_000913.3	1435000	1529000	0
GCF_000005845.2_ASM584v2_genomic_NC_000913.3	1529000	1530000	6
GCF_000005845.2_ASM584v2_genomic_NC_000913.3	1530000	1635000	0
GCF_000005845.2_ASM584v2_genomic_NC_000913.3	1635000	1636000	1
GCF_000005845.2_ASM584v2_genomic_NC_000913.3	1636000	1651000	0
GCF_000005845.2_ASM584v2_genomic_NC_000913.3	1651000	1652000	1
GCF_000005845.2_ASM584v2_genomic_NC_000913.3	1652000	1992000	0
GCF_000005845.2_ASM584v2_genomic_NC_000913.3	1992000	1993000	1
GCF_000005845.2_ASM584v2_genomic_NC_000913.3	1993000	2229000	0
GCF_000005845.2_ASM584v2_genomic_NC_000913.3	2229000	2230000	1
GCF_000005845.2_ASM584v2_genomic_NC_000913.3	2230000	2290000	0
GCF_000005845.2_ASM584v2_genomic_NC_000913.3	2290000	2291000	8
GCF_000005845.2_ASM584v2_genomic_NC_000913.3	2291000	2521000	0
GCF_000005845.2_ASM584v2_genomic_NC_000913.3	2521000	2522000	1
GCF_000005845.2_ASM584v2_genomic_NC_000913.3	2522000	2731000	0
GCF_000005845.2_ASM584v2_genomic_NC_000913.3	2731000	2732000	6
GCF_000005845.2_ASM584v2_genomic_NC_000913.3	2732000	2818000	0
GCF_000005845.2_ASM584v2_genomic_NC_000913.3	2818000	2819000	1
GCF_000005845.2_ASM584v2_genomic_NC_000913.3	2819000	3263000	0
GCF_000005845.2_ASM584v2_genomic_NC_000913.3	3263000	3264000	3
GCF_000005845.2_ASM584v2_genomic_NC_000913.3	3264000	3471000	0
GCF_000005845.2_ASM584v2_genomic_NC_000913.3	3471000	3472000	1
GCF_000005845.2_ASM584v2_genomic_NC_000913.3	3472000	3622000	0
GCF_000005845.2_ASM584v2_genomic_NC_000913.3	3622000	3623000	16
GCF_000005845.2_ASM584v2_genomic_NC_000913.3	3623000	3653000	0
GCF_000005845.2_ASM584v2_genomic_NC_000913.3	3653000	3654000	3
GCF_000005845.2_ASM584v2_genomic_NC_000913.3	3654000	3762000	0
GCF_000005845.2_ASM584v2_genomic_NC_000913.3	3762000	3763000	16
GCF_000005845.2_ASM584v2_genomic_NC_000913.3	3763000	3765000	0
GCF_000005845.2_ASM584v2_genomic_NC_000913.3	3765000	3766000	13
GCF_000005845.2_ASM584v2_genomic_NC_000913.3	3766000	4018000	0
GCF_000005845.2_ASM584v2_genomic_NC_000913.3	4018000	4019000	1
GCF_000005845.2_ASM584v2_genomic_NC_000913.3	4019000	4040000	0
GCF_000005845.2_ASM584v2_genomic_NC_000913.3	4040000	4041000	3
GCF_000005845.2_ASM584v2_genomic_NC_000913.3	4041000	4233000	0
GCF_000005845.2_ASM584v2_genomic_NC_000913.3	4233000	4234000	10
GCF_000005845.2_ASM584v2_genomic_NC_000913.3	4234000	4296000	0
GCF_000005845.2_ASM584v2_genomic_NC_000913.3	4296000	4297000	2
GCF_000005845.2_ASM584v2_genomic_NC_000913.3	4297000	17819000	0
